3581 
72 86 100 23 2.000036404
112 17 100 10 2.000075638
108 77 100 783 2.000092726
94 135 100 8 2.000100443
75 33 100 427 2.000102965
117 11 100 10735 2.000110609
112 8 100 6498 2.000126676
137 20 100 2786 2.000127467
68 127 100 5 2.000131384
137 43 100 17 2.000150924
22 116 100 7 2.000171611
78 24 100 813 2.000175343
124 51 100 229 2.000181441
124 137 100 1961 2.000210008
58 74 100 1635 2.000218241
123 72 100 31 2.000221363
91 28 100 2700 2.000237886
88 87 100 6893 2.000255606
106 13 100 2187 2.000268022
32 111 100 41 2.000279872
3 78 100 365 2.000293613
103 14 100 3376 2.000336166
106 6 100 38 2.000347355
140 73 100 2 2.000354341
138 111 100 5336 2.000361298
120 95 100 427 2.000378314
132 10 100 1 2.000381632
118 116 100 36 2.000417724
50 35 100 5167 2.000429099
4 85 100 3644 2.000444547
52 142 100 72 2.000496646
48 88 100 1282 2.000525582
96 117 100 5301 2.000626112
6 1 100 43 2.000632538
47 140 100 2965 2.000648619
88 102 100 959 2.000651509
124 139 100 392 2.000715533
3 81 100 118 2.000723335
114 15 100 26 2.000763536
68 134 100 2728 2.000775352
75 112 100 39 2.000813716
18 128 100 17 2.000901100
21 3 100 5 2.000954190
90 44 100 7 2.001016443
60 14 100 34 2.001020414
64 91 100 3293 2.001139781
88 38 100 1 2.001160359
20 138 100 5819 2.001164566
89 42 100 5855 2.001205612
63 44 100 2984 2.001212232
11 59 100 1 2.001351494
131 28 100 20 2.001360610
52 11 100 29 2.001387731
78 113 100 5 2.001408572
65 38 100 811 2.001414751
50 33 100 41 2.001423296
110 19 100 1288 2.001435440
17 7 100 175 2.001484360
51 39 100 127 2.001498939
72 132 100 26 2.001571205
22 96 100 743 2.001586434
122 86 100 1254 2.001594836
81 58 100 977 2.001646841
22 50 100 15218 2.001659606
24 95 100 5 2.001768258
99 16 100 53 2.001857652
129 117 100 61 2.001883814
121 129 100 84 2.001902233
63 41 100 12 2.001902769
33 60 100 13 2.001951637
5 115 100 20 2.001952220
124 103 100 1 2.001964687
24 100 100 48 2.002004137
4 102 100 11 2.002007459
57 23 100 33 2.002017328
76 132 100 53 2.002032922
42 63 100 770 2.002083606
42 5 100 13005 2.002102537
121 14 100 3105 2.002109822
4 120 100 736 2.002135233
96 11 100 14 2.002142791
96 40 100 538 2.002277255
75 77 100 1180 2.002415088
22 28 100 21 2.002453398
81 130 100 1366 2.002454361
74 79 100 40 2.002461669
22 47 100 2 2.002463177
1 112 100 94 2.002473891
54 24 100 13 2.002516736
100 66 100 1273 2.002555296
15 91 100 3 2.002566118
127 55 100 6259 2.002593966
108 52 100 14 2.002610713
51 3 100 1 2.002626709
100 114 100 21 2.002645698
49 138 100 391 2.002646897
50 140 100 33 2.002688117
3 139 100 33 2.002742032
8 41 100 1 2.002767637
89 112 100 1348 2.002768766
24 37 100 18 2.002872348
59 18 100 11 2.002885877
95 49 100 2 2.002907144
130 51 100 5 2.002941036
129 95 100 3 2.002970797
0 139 100 16 2.002985040
96 32 100 2156 2.002995810
40 93 100 27 2.003006516
13 31 100 93 2.003009711
91 107 100 4 2.003036435
37 13 100 17969 2.003072309
92 140 100 6 2.003096202
21 74 100 6599 2.003112077
107 39 100 47 2.003135441
21 71 100 899 2.003142777
46 128 100 13 2.003198667
91 70 100 1 2.003273268
125 19 100 25 2.003276467
68 59 100 5 2.003277272
126 31 100 41 2.003311992
4 80 100 156 2.003330058
43 67 100 1815 2.003404934
59 41 100 1074 2.003437672
55 90 100 1409 2.003446442
48 94 100 4 2.003471508
55 82 100 37 2.003503509
34 80 100 4709 2.003539279
42 37 100 3351 2.003575461
92 58 100 25 2.003577970
53 90 100 21 2.003679269
13 17 100 49 2.003689141
137 117 100 4 2.003730569
30 51 100 801 2.003765813
51 2 100 46 2.003828754
9 79 100 1 2.003859569
99 13 100 1339 2.003947846
116 55 100 3731 2.003959298
62 115 100 41 2.003990141
113 70 100 84 2.004004501
86 29 100 1974 2.004006094
36 54 100 1 2.004007988
52 92 100 45 2.004014298
66 142 100 9 2.004023496
73 22 100 30 2.004034729
111 134 100 38 2.004055552
48 106 100 162 2.004077540
48 86 100 4398 2.004107090
77 117 100 767 2.004114142
133 127 100 1765 2.004122007
12 5 100 75 2.004197503
18 42 100 1 2.004199356
86 111 100 385 2.004255925
73 93 100 5 2.004267562
77 48 100 2402 2.004270949
120 67 100 90 2.004271663
120 132 100 44 2.004280441
29 51 100 41 2.004295101
121 124 100 15661 2.004301970
63 47 100 43 2.004371280
16 123 100 1092 2.004384833
42 125 100 73 2.004389562
25 4 100 6240 2.004400152
78 29 100 417 2.004412187
34 91 100 16410 2.004437930
73 75 100 13 2.004442569
72 126 100 3069 2.004456879
77 26 100 52 2.004473891
31 124 100 436 2.004523170
107 126 100 421 2.004573573
112 11 100 1 2.004600411
5 104 100 555 2.004601281
93 88 100 54 2.004640577
49 18 100 47 2.004744060
88 22 100 4 2.004764177
8 116 100 54 2.004775319
133 141 100 1 2.004788581
17 96 100 7 2.004790563
130 125 100 17992 2.004861194
109 19 100 32 2.004889636
97 77 100 25 2.004898449
65 18 100 10 2.004905388
133 120 100 364 2.004921449
130 24 100 45 2.004943728
98 24 100 4 2.004945245
114 124 100 23 2.004968371
114 4 100 1754 2.004992719
85 68 100 132 2.005074573
112 16 100 27 2.005098712
65 141 100 9 2.005129251
120 43 100 661 2.005139836
104 84 100 2 2.005150990
38 124 100 18 2.005166289
89 38 100 2452 2.005167150
131 23 100 1203 2.005190260
121 11 100 6231 2.005231914
80 109 100 15 2.005245247
105 68 100 1207 2.005260479
89 119 100 903 2.005279936
111 119 100 1347 2.005370022
113 134 100 2636 2.005391561
94 83 100 39 2.005422757
58 12 100 28 2.005435836
110 101 100 10520 2.005467703
103 63 100 1 2.005500450
26 122 100 1083 2.005577240
69 13 100 36 2.005603693
81 62 100 13 2.005640336
87 20 100 810 2.005652559
59 138 100 3132 2.005668525
76 125 100 66 2.005700976
114 95 100 1 2.005777290
42 62 100 33 2.005780963
123 127 100 3 2.005814267
7 89 100 16 2.005842214
62 142 100 1 2.005867750
51 141 100 99 2.005892957
24 76 100 746 2.005897912
71 28 100 967 2.005933645
27 85 100 5024 2.005949438
134 3 100 20 2.006023086
118 109 100 4524 2.006025569
59 107 100 1177 2.006037141
51 137 100 19 2.006064704
15 140 100 1233 2.006152866
46 4 100 1 2.006156807
23 89 100 2235 2.006173336
123 65 100 462 2.006191091
88 64 100 24 2.006220378
83 64 100 4 2.006270983
19 31 100 1 2.006283508
115 36 100 615 2.006312542
102 120 100 680 2.006321235
94 139 100 1319 2.006334272
101 54 100 463 2.006349807
78 53 100 18 2.006378424
29 56 100 2121 2.006380706
48 117 100 1544 2.006386051
8 121 100 14 2.006416547
25 111 100 259 2.006426188
13 133 100 718 2.006502936
33 37 100 10 2.006507819
113 123 100 1589 2.006565196
43 127 100 43 2.006588029
117 67 100 16 2.006591219
52 99 100 568 2.006600097
62 96 100 864 2.006624678
11 82 100 33 2.006646348
91 86 100 16 2.006659049
36 43 100 1790 2.006689292
57 11 100 2671 2.006773553
2 62 100 18 2.006842036
42 143 100 11 2.006851915
8 56 100 6 2.006869618
96 78 100 4319 2.006875541
22 86 100 65 2.006890864
1 22 100 8 2.007053875
2 32 100 78 2.007068524
85 78 100 1355 2.007071891
128 35 100 26 2.007128973
124 138 100 94 2.007178574
111 36 100 43 2.007216405
141 72 100 43 2.007226493
98 128 100 30 2.007244681
116 76 100 3034 2.007269089
108 50 100 124 2.007312489
26 31 100 4356 2.007321710
104 95 100 34 2.007402622
75 110 100 175 2.007408007
42 126 100 3116 2.007478772
90 111 100 4 2.007532076
60 52 100 7 2.007564131
82 86 100 826 2.007572184
77 111 100 18381 2.007604867
42 54 100 163 2.007609438
65 81 100 1055 2.007657928
75 39 100 14 2.007668673
118 18 100 15 2.007701515
96 65 100 26 2.007745992
139 131 100 2351 2.007779205
67 61 100 8 2.007789106
115 93 100 5 2.007803853
123 86 100 27 2.007810692
91 10 100 1 2.007828439
136 2 100 3932 2.007841326
128 97 100 238 2.007845296
81 129 100 6 2.007923052
107 31 100 51 2.007971439
99 27 100 926 2.007980956
53 123 100 6209 2.008005256
25 23 100 50 2.008030854
64 45 100 118 2.008058185
70 63 100 1050 2.008059125
36 123 100 55 2.008076665
33 4 100 6 2.008091884
75 132 100 1 2.008104211
7 43 100 1459 2.008123629
110 14 100 851 2.008127678
77 14 100 53 2.008269659
135 107 100 1 2.008270396
100 32 100 325 2.008290539
49 105 100 17 2.008326664
53 119 100 5 2.008400938
142 107 100 2351 2.008436163
67 80 100 4 2.008494988
29 61 100 7 2.008496104
100 95 100 109 2.008499969
73 92 100 1138 2.008503778
112 103 100 1 2.008591835
40 22 100 47 2.008601483
99 11 100 2686 2.008605796
2 126 100 21 2.008611937
48 22 100 399 2.008614190
40 87 100 753 2.008682619
119 103 100 26 2.008729054
76 107 100 992 2.008737993
83 77 100 20 2.008811227
17 4 100 23 2.008842865
125 40 100 2703 2.008889646
35 32 100 3 2.008894633
16 36 100 3209 2.008911527
78 23 100 449 2.008930220
8 125 100 31 2.008932509
83 135 100 4 2.008934719
49 111 100 368 2.008993470
53 0 100 567 2.008996994
123 131 100 22 2.009080810
126 139 100 43 2.009089316
30 26 100 47 2.009105462
92 112 100 1667 2.009137182
31 106 100 1 2.009173931
114 134 100 50 2.009216834
59 84 100 82 2.009225118
116 113 100 724 2.009251168
76 69 100 59 2.009286531
48 16 100 32 2.009296887
26 48 100 16 2.009323370
114 44 100 2 2.009352956
130 20 100 5457 2.009355985
31 12 100 3 2.009458154
9 79 100 182 2.009479353
90 54 100 5 2.009561504
112 95 100 3 2.009632203
33 87 100 8 2.009640628
15 27 100 890 2.009657499
58 116 100 47 2.009771876
132 19 100 41 2.009808482
116 134 100 52 2.009824410
48 125 100 1440 2.009841141
112 141 100 33 2.009876265
123 131 100 22 2.009897465
13 100 100 16 2.009914214
123 7 100 119 2.009953233
130 88 100 1842 2.009981204
76 77 100 1375 2.010000532
43 50 100 506 2.010011172
7 27 100 6 2.010044483
128 132 100 605 2.010045477
125 24 100 39 2.010074585
86 97 100 19 2.010076825
115 89 100 2993 2.010093291
36 16 100 29 2.010139270
84 90 100 299 2.010140596
58 75 100 60 2.010143274
19 105 100 12 2.010146666
55 14 100 5651 2.010146956
35 114 100 1 2.010272002
72 84 100 3 2.010278364
8 3 100 3143 2.010280792
118 137 100 2238 2.010291430
20 107 100 44 2.010309827
80 46 100 456 2.010348947
55 46 100 5516 2.010379209
71 111 100 716 2.010407786
90 81 100 14 2.010441765
49 83 100 1 2.010446787
44 54 100 3 2.010461317
35 1 100 3 2.010465949
118 10 100 106 2.010522280
113 111 100 80 2.010528266
56 64 100 138 2.010556094
0 83 100 36 2.010576121
0 36 100 26 2.010605900
67 137 100 3124 2.010616101
59 19 100 10 2.010634872
139 82 100 33 2.010664535
80 111 100 1 2.010751310
122 116 100 1073 2.010780293
120 70 100 7 2.010793065
109 29 100 5699 2.010855305
77 45 100 1 2.010861049
72 81 100 33 2.010867561
124 5 100 322 2.010894480
74 98 100 417 2.010968030
142 89 100 50 2.011017274
63 70 100 22 2.011022498
92 19 100 1 2.011028727
50 12 100 5 2.011111032
64 138 100 109 2.011140307
81 126 100 16 2.011147844
136 133 100 16 2.011158880
81 53 100 33 2.011189920
63 143 100 19 2.011215845
128 66 100 2174 2.011276955
44 65 100 3 2.011283523
19 129 100 42 2.011299677
122 23 100 3115 2.011323427
7 90 100 2229 2.011333817
95 17 100 4076 2.011340678
113 138 100 2 2.011354225
82 1 100 17 2.011357215
71 62 100 3 2.011369970
51 126 100 32 2.011390594
113 7 100 12 2.011394191
35 72 100 1 2.011398965
7 130 100 3 2.011443208
13 60 100 20 2.011452616
46 59 100 109 2.011510383
6 106 100 1259 2.011552743
128 2 100 163 2.011563234
88 11 100 16 2.011563680
19 101 100 572 2.011591133
92 24 100 16 2.011618989
141 114 100 625 2.011628915
14 9 100 3067 2.011659539
47 38 100 1 2.011674911
120 108 100 14 2.011674942
135 34 100 5 2.011697831
18 77 100 14 2.011749938
39 48 100 17 2.011752475
74 118 100 5543 2.011779004
63 82 100 5557 2.011780159
4 22 100 26 2.011785960
25 20 100 1066 2.011792491
130 12 100 22 2.011855410
85 83 100 35 2.011856639
80 124 100 52 2.011871726
69 98 100 1121 2.011906313
77 112 100 2 2.011912137
133 109 100 4 2.011949623
82 73 100 32 2.011951177
136 124 100 4473 2.011967318
44 87 100 1217 2.011978635
34 2 100 2793 2.011986932
142 112 100 4 2.011998237
25 59 100 54 2.012001656
70 138 100 42 2.012013064
21 9 100 167 2.012022236
43 21 100 3276 2.012023931
60 136 100 14 2.012041458
4 17 100 9445 2.012046813
55 14 100 4271 2.012064124
124 75 100 1 2.012112513
5 106 100 303 2.012145711
39 112 100 330 2.012148407
26 77 100 18746 2.012158590
44 31 100 199 2.012184611
141 9 100 1204 2.012190817
25 96 100 5005 2.012205763
12 95 100 28 2.012231143
105 23 100 2412 2.012266861
76 48 100 18 2.012303837
37 14 100 4494 2.012312592
45 29 100 934 2.012324798
120 107 100 551 2.012360700
74 41 100 6 2.012371911
35 96 100 268 2.012424033
22 112 100 9 2.012427533
113 11 100 10 2.012536634
20 140 100 8942 2.012536728
39 51 100 50 2.012556279
51 103 100 6 2.012557816
107 49 100 368 2.012562420
94 77 100 33 2.012563310
53 16 100 3122 2.012587530
95 72 100 7 2.012589101
70 64 100 1159 2.012600285
87 55 100 6386 2.012630766
53 117 100 16 2.012640308
7 59 100 83 2.012644317
89 128 100 17 2.012854008
108 62 100 34 2.012868739
73 140 100 2 2.012908814
98 110 100 43 2.012932031
22 69 100 3 2.012943758
106 26 100 199 2.013000436
104 1 100 41 2.013041737
34 6 100 5 2.013076003
84 16 100 45 2.013098495
39 84 100 40 2.013116834
0 40 100 688 2.013147422
120 102 100 16 2.013149684
3 121 100 14 2.013151773
104 79 100 2 2.013170362
32 71 100 2355 2.013183626
74 88 100 19 2.013237864
109 81 100 2044 2.013256775
128 42 100 4 2.013270392
55 66 100 76 2.013274728
97 4 100 5 2.013354465
122 4 100 53 2.013370762
55 119 100 875 2.013384385
127 51 100 6 2.013399938
31 19 100 32 2.013429448
47 15 100 4 2.013458154
0 91 100 5118 2.013475814
131 134 100 47 2.013503567
64 50 100 37 2.013521072
24 143 100 3 2.013528481
64 138 100 44 2.013580020
112 60 100 2 2.013580363
17 143 100 36 2.013606617
115 56 100 6 2.013755614
142 66 100 6958 2.013780319
124 46 100 13 2.013844193
16 39 100 21 2.013982250
38 75 100 3 2.013991814
8 87 100 777 2.013993883
89 66 100 302 2.014030885
70 62 100 11274 2.014043463
44 104 100 4379 2.014068410
143 33 100 977 2.014073853
120 94 100 14 2.014081396
143 79 100 11 2.014082129
141 59 100 63 2.014110384
95 48 100 6680 2.014128945
50 73 100 6 2.014131608
142 97 100 5 2.014134762
66 107 100 58 2.014187713
69 16 100 50 2.014193980
134 104 100 21 2.014197645
76 97 100 76 2.014272115
18 27 100 987 2.014276975
35 130 100 901 2.014286418
34 9 100 76 2.014287625
38 36 100 3 2.014288107
62 33 100 6733 2.014322997
68 100 100 6 2.014328968
98 55 100 21 2.014345960
132 118 100 6 2.014395727
88 40 100 1349 2.014424106
92 116 100 29 2.014476083
86 43 100 1049 2.014526342
49 50 100 1 2.014530311
63 43 100 36 2.014598031
120 72 100 14 2.014600412
16 30 100 44 2.014600771
1 57 100 17 2.014629970
64 88 100 14 2.014652546
125 13 100 5 2.014702187
60 106 100 2073 2.014732921
62 123 100 40 2.014760113
79 92 100 8 2.014761711
77 102 100 4 2.014815045
80 12 100 687 2.014834222
102 26 100 911 2.014845200
59 118 100 44 2.014865611
109 80 100 107 2.014901333
38 97 100 92 2.014903539
7 129 100 3 2.014923809
63 9 100 3204 2.014972099
23 27 100 36 2.015023196
107 18 100 1 2.015032310
133 108 100 17 2.015088405
108 41 100 5 2.015093337
45 34 100 36 2.015121562
68 49 100 18 2.015122146
30 128 100 653 2.015151976
30 62 100 25 2.015160414
129 63 100 3176 2.015192540
84 124 100 18 2.015210521
59 66 100 26 2.015224951
116 13 100 9 2.015258166
117 37 100 5509 2.015293785
72 122 100 1356 2.015385023
20 118 100 4332 2.015393659
73 17 100 1 2.015406532
38 116 100 14 2.015464508
86 83 100 1369 2.015469880
80 44 100 695 2.015478137
121 52 100 673 2.015515481
106 34 100 14 2.015524105
66 42 100 29 2.015526917
22 87 100 3 2.015543300
120 70 100 4739 2.015577508
80 135 100 10 2.015611236
32 109 100 148 2.015615915
97 59 100 54 2.015633636
122 60 100 5110 2.015639179
90 61 100 3757 2.015641171
11 48 100 131 2.015670127
136 57 100 1886 2.015677193
88 109 100 89 2.015696979
107 111 100 1 2.015729470
49 26 100 2 2.015734997
54 122 100 2567 2.015753453
1 6 100 2973 2.015781569
74 128 100 609 2.015817160
84 80 100 551 2.015858889
17 28 100 18 2.015860278
32 124 100 2 2.015880014
77 57 100 2477 2.015901926
91 85 100 50 2.015903183
81 61 100 192 2.015913963
123 2 100 2793 2.015921182
13 73 100 27 2.015927598
42 29 100 47 2.015953028
50 95 100 2256 2.015969795
28 115 100 22 2.016000851
110 7 100 39 2.016023071
87 108 100 29 2.016093987
17 135 100 19 2.016109124
123 62 100 13 2.016138569
116 13 100 862 2.016199867
63 133 100 388 2.016230002
22 17 100 16 2.016268701
53 46 100 52 2.016286472
27 51 100 548 2.016323809
46 43 100 1 2.016332840
31 103 100 3 2.016376977
48 29 100 22 2.016397818
89 62 100 19 2.016399896
7 74 100 35 2.016428502
34 17 100 6269 2.016448549
5 36 100 420 2.016489815
117 55 100 1135 2.016498182
141 26 100 52 2.016504179
24 108 100 6 2.016540109
128 69 100 240 2.016561415
51 109 100 17 2.016676833
119 105 100 19 2.016699229
3 31 100 1968 2.016705131
69 91 100 1131 2.016743741
102 0 100 46 2.016766617
119 129 100 21 2.016810061
12 87 100 6347 2.016926564
119 129 100 2155 2.016951379
4 47 100 3258 2.016955453
122 94 100 102 2.016972618
133 88 100 6 2.016976810
141 95 100 528 2.016992604
63 17 100 39 2.017056109
71 113 100 17998 2.017160516
105 24 100 1 2.017171644
105 123 100 13429 2.017176773
5 3 100 10 2.017183456
32 64 100 14 2.017336913
98 135 100 1148 2.017347525
64 131 100 29 2.017395603
33 35 100 1217 2.017406121
51 67 100 17 2.017413166
30 24 100 3 2.017435719
133 108 100 5525 2.017484691
88 97 100 2453 2.017491171
35 119 100 593 2.017496074
106 5 100 80 2.017512370
65 128 100 919 2.017516752
29 138 100 2171 2.017563539
58 73 100 243 2.017597888
56 20 100 3 2.017658715
119 128 100 31 2.017705463
78 118 100 31 2.017717787
136 123 100 5700 2.017744566
8 119 100 12 2.017770261
66 16 100 11951 2.017788378
109 87 100 20 2.017845372
108 81 100 1 2.017911597
102 107 100 4 2.017961225
101 37 100 48 2.017962246
143 6 100 18 2.017979536
132 46 100 47 2.018001147
121 135 100 48 2.018002751
22 141 100 73 2.018005708
138 62 100 6775 2.018022650
114 20 100 23 2.018037916
140 50 100 27 2.018117216
45 123 100 9 2.018157336
26 76 100 1 2.018165193
85 17 100 887 2.018211312
118 106 100 47 2.018224617
106 87 100 137 2.018300965
65 10 100 1 2.018312566
131 137 100 2 2.018376649
109 81 100 426 2.018418431
4 122 100 5 2.018444038
102 29 100 2 2.018491182
63 76 100 21 2.018565714
114 121 100 13 2.018609649
72 104 100 18528 2.018612341
139 117 100 1760 2.018615469
110 115 100 62 2.018628400
90 81 100 6 2.018630609
120 112 100 49 2.018644363
2 56 100 5245 2.018677925
46 137 100 66 2.018696323
56 121 100 34 2.018710646
57 58 100 47 2.018714926
84 68 100 1450 2.018726218
113 18 100 327 2.018781724
53 22 100 127 2.018788279
11 62 100 37 2.018824386
6 32 100 49 2.018908196
97 132 100 44 2.018920434
138 94 100 27 2.018937235
8 38 100 1095 2.018989845
17 123 100 2156 2.019006029
101 117 100 1191 2.019008796
110 112 100 1088 2.019057435
47 49 100 3089 2.019058640
122 71 100 36 2.019070604
41 33 100 4 2.019128903
122 20 100 46 2.019136702
84 74 100 6592 2.019154024
113 81 100 5 2.019170606
107 40 100 39 2.019173655
142 83 100 1 2.019200861
60 129 100 37 2.019216160
22 109 100 33 2.019234562
0 81 100 16 2.019248003
128 105 100 6 2.019265692
6 20 100 123 2.019295923
94 55 100 1170 2.019298158
116 69 100 1 2.019316742
70 110 100 33 2.019329061
59 41 100 6366 2.019365914
100 16 100 459 2.019384327
132 68 100 42 2.019403153
55 39 100 2651 2.019487304
136 139 100 3096 2.019524095
111 19 100 6 2.019559118
138 47 100 17 2.019575782
1 143 100 834 2.019599533
91 89 100 1836 2.019625408
17 75 100 216 2.019631014
111 62 100 21 2.019638537
131 10 100 18781 2.019642328
85 67 100 36 2.019647376
114 46 100 42 2.019647689
56 59 100 1099 2.019663321
52 102 100 1490 2.019749169
119 2 100 1707 2.019758491
72 137 100 2579 2.019768343
102 55 100 1353 2.019776521
102 72 100 5610 2.019781465
8 128 100 4 2.019795018
27 83 100 1 2.019811339
66 127 100 6 2.019824796
133 142 100 13 2.019834450
96 18 100 38 2.019836480
99 92 100 71 2.019838616
83 126 100 1 2.019871283
26 70 100 842 2.019976581
37 81 100 18 2.020022059
100 77 100 35 2.020034447
114 73 100 53 2.020107624
88 24 100 36 2.020114943
69 49 100 9 2.020264157
48 127 100 34 2.020294134
52 140 100 3357 2.020318117
121 45 100 255 2.020375986
107 10 100 5456 2.020402932
10 77 100 23 2.020407611
12 134 100 18 2.020428942
65 119 100 62 2.020455595
79 122 100 24 2.020470787
103 41 100 16672 2.020485153
36 38 100 2263 2.020489643
41 135 100 2 2.020528726
49 10 100 4672 2.020536366
2 36 100 16 2.020596025
134 139 100 23 2.020658038
24 0 100 18 2.020680089
81 115 100 40 2.020681380
128 127 100 6 2.020686712
36 100 100 68 2.020693864
112 0 100 9 2.020693895
91 9 100 2710 2.020716809
139 22 100 1 2.020737094
43 29 100 775 2.020740277
135 89 100 40 2.020751272
142 14 100 75 2.020759917
115 121 100 9 2.020789083
46 41 100 4739 2.020809120
135 70 100 2657 2.020820405
13 97 100 50 2.020822638
115 96 100 14 2.020831363
7 46 100 4716 2.020843753
132 57 100 3209 2.020855609
104 136 100 49 2.020856066
39 117 100 248 2.020867012
79 129 100 6 2.020871272
54 30 100 794 2.020880946
104 7 100 313 2.020899851
31 6 100 5 2.020926413
117 70 100 35 2.020942085
43 46 100 53 2.020942286
104 143 100 32 2.020970679
32 50 100 39 2.020971110
105 37 100 5561 2.020999579
44 97 100 1 2.021002879
27 118 100 12 2.021053758
123 66 100 21 2.021106639
139 53 100 19 2.021116744
48 32 100 24 2.021141763
11 78 100 3606 2.021146016
53 58 100 14 2.021148309
79 25 100 4262 2.021151803
133 3 100 43 2.021159319
77 7 100 2362 2.021169169
137 66 100 13 2.021180537
83 1 100 393 2.021193061
128 110 100 29 2.021193846
124 67 100 3697 2.021200422
93 62 100 4 2.021214074
99 44 100 8 2.021283277
101 26 100 3 2.021293551
124 99 100 7397 2.021354206
1 10 100 121 2.021355371
48 13 100 2 2.021367482
96 48 100 1190 2.021372070
51 63 100 2 2.021393727
121 63 100 12669 2.021416616
45 96 100 50 2.021501774
135 65 100 96 2.021528999
117 109 100 25 2.021573552
125 103 100 3609 2.021592859
93 31 100 16624 2.021623448
38 53 100 4 2.021826256
118 13 100 8 2.021877960
90 142 100 14 2.021892430
108 98 100 1109 2.021904752
101 21 100 1 2.021926455
97 60 100 892 2.021930903
125 135 100 561 2.021946992
88 130 100 65 2.021957760
130 88 100 59 2.021976169
121 108 100 3040 2.021979119
42 1 100 43 2.022026408
96 52 100 99 2.022048252
93 96 100 44 2.022074557
44 89 100 46 2.022088084
121 73 100 30 2.022095511
33 98 100 580 2.022111267
119 2 100 216 2.022122014
134 22 100 7 2.022128057
109 100 100 45 2.022164383
121 51 100 114 2.022304810
111 128 100 2320 2.022308523
16 96 100 115 2.022345880
22 61 100 6028 2.022347432
134 139 100 263 2.022372252
21 91 100 48 2.022390296
53 34 100 20 2.022398590
93 45 100 1 2.022407436
116 17 100 51 2.022475896
116 42 100 43 2.022478019
76 30 100 366 2.022492466
61 68 100 37 2.022531034
86 100 100 784 2.022535925
82 9 100 4 2.022547805
126 111 100 933 2.022555156
128 142 100 110 2.022570034
31 117 100 8487 2.022603099
112 74 100 46 2.022617798
50 59 100 38 2.022639752
61 102 100 281 2.022659007
63 74 100 2034 2.022763561
35 76 100 1131 2.022776472
105 68 100 49 2.022791961
28 0 100 4524 2.022829537
95 1 100 317 2.022848819
88 115 100 27 2.022903698
8 104 100 18218 2.022915535
35 63 100 794 2.022939016
59 69 100 31 2.022970734
42 69 100 435 2.022974428
30 110 100 50 2.022982757
126 92 100 101 2.023028309
138 57 100 5972 2.023037343
44 15 100 39 2.023070895
21 30 100 3419 2.023079390
59 67 100 382 2.023109243
32 128 100 389 2.023113283
3 69 100 486 2.023119231
32 73 100 65 2.023132028
89 80 100 3983 2.023142759
26 42 100 34 2.023143390
15 127 100 3291 2.023154141
133 40 100 2119 2.023156028
96 76 100 655 2.023186701
118 103 100 31 2.023189037
63 136 100 12928 2.023212292
108 19 100 3433 2.023240358
5 95 100 35 2.023281893
18 134 100 3463 2.023307702
132 84 100 15 2.023369449
45 111 100 17 2.023390535
140 121 100 48 2.023398112
48 6 100 828 2.023410480
38 122 100 1215 2.023422314
94 47 100 2644 2.023446333
97 60 100 24 2.023463297
109 143 100 43 2.023470849
102 107 100 15955 2.023487304
33 117 100 39 2.023563364
134 88 100 1 2.023565759
95 117 100 36 2.023569884
68 73 100 6446 2.023581883
141 91 100 3 2.023583312
18 82 100 50 2.023607617
138 82 100 1200 2.023618231
6 3 100 14 2.023667153
52 90 100 1 2.023667564
99 134 100 16 2.023687842
1 59 100 30 2.023746319
24 36 100 96 2.023765410
87 12 100 15 2.023861411
98 89 100 11 2.023923036
28 52 100 5910 2.023931135
138 40 100 39 2.023975053
83 50 100 5 2.024018999
81 54 100 4 2.024075420
49 106 100 45 2.024120770
79 63 100 14 2.024128471
54 133 100 1230 2.024132024
53 95 100 74 2.024135240
101 17 100 803 2.024149992
8 119 100 3 2.024161040
117 104 100 37 2.024167737
18 9 100 25 2.024175568
71 70 100 1411 2.024235662
23 138 100 400 2.024313418
45 62 100 32 2.024348065
15 121 100 2562 2.024355089
6 84 100 89 2.024412887
84 93 100 34 2.024462722
103 111 100 33 2.024472286
22 48 100 4 2.024481355
90 126 100 10 2.024489870
107 77 100 2810 2.024510249
7 131 100 79 2.024525254
136 6 100 19 2.024544543
37 109 100 24 2.024566353
5 49 100 474 2.024582050
10 52 100 2 2.024624132
34 41 100 1950 2.024640754
120 10 100 4186 2.024677288
121 56 100 1 2.024682464
141 5 100 5782 2.024689759
52 28 100 4 2.024696925
67 121 100 111 2.024744786
111 126 100 1038 2.024746073
126 2 100 4142 2.024780732
78 91 100 6 2.024782539
28 126 100 26 2.024822069
36 87 100 921 2.024926726
71 52 100 431 2.024969502
45 7 100 37 2.025020871
99 124 100 4605 2.025033126
13 6 100 13 2.025059950
116 14 100 571 2.025107646
86 79 100 3286 2.025128699
46 91 100 6 2.025135171
98 59 100 62 2.025175480
68 115 100 11476 2.025194060
22 20 100 4664 2.025209018
89 13 100 2304 2.025215854
26 0 100 28 2.025229076
76 77 100 27 2.025231036
13 63 100 91 2.025260887
51 108 100 859 2.025296014
71 18 100 24 2.025310407
81 45 100 36 2.025319684
111 88 100 2115 2.025326519
99 66 100 27 2.025338883
57 26 100 18220 2.025359714
106 49 100 1400 2.025407113
119 53 100 39 2.025411665
33 35 100 2 2.025440862
60 73 100 4997 2.025507460
101 97 100 17 2.025572911
35 70 100 2884 2.025578221
96 61 100 53 2.025603592
115 116 100 14 2.025619715
22 6 100 5 2.025630148
130 0 100 1212 2.025651952
28 140 100 25 2.025661552
61 135 100 1914 2.025704953
122 5 100 40 2.025728855
141 85 100 3973 2.025731166
88 9 100 50 2.025749341
110 79 100 16614 2.025753086
17 117 100 6896 2.025789418
81 93 100 890 2.025801294
80 66 100 5851 2.025812824
35 111 100 1549 2.025875318
43 62 100 6478 2.025877149
139 138 100 826 2.025926389
84 3 100 1 2.025954831
121 89 100 14 2.025965238
89 102 100 783 2.025986722
8 103 100 20111 2.025994703
84 57 100 14 2.026004682
4 76 100 4 2.026017613
120 54 100 1238 2.026019307
51 70 100 1820 2.026029478
28 104 100 1964 2.026055594
130 34 100 1 2.026057925
27 97 100 458 2.026096053
1 13 100 14 2.026124865
16 48 100 18 2.026147342
70 48 100 39 2.026156004
122 38 100 23 2.026179793
8 72 100 14 2.026191143
120 36 100 5 2.026204430
42 61 100 18 2.026211518
19 6 100 15 2.026230963
57 123 100 946 2.026236902
98 29 100 798 2.026243028
143 138 100 1 2.026252491
62 51 100 121 2.026283113
139 124 100 130 2.026299292
94 46 100 19 2.026301902
13 103 100 1530 2.026310848
105 9 100 6241 2.026343080
115 12 100 5 2.026346351
96 12 100 88 2.026349395
75 41 100 31 2.026372298
2 125 100 5226 2.026391532
94 12 100 804 2.026394455
16 76 100 2 2.026466839
61 16 100 96 2.026544692
91 142 100 2736 2.026578639
12 76 100 5024 2.026580049
10 54 100 49 2.026638748
60 99 100 1 2.026653899
143 63 100 1282 2.026682217
111 11 100 317 2.026711625
34 4 100 6514 2.026780044
113 16 100 31 2.026828696
45 7 100 34 2.026832575
29 129 100 31 2.026912321
111 45 100 58 2.026916352
125 41 100 9 2.026957667
21 80 100 4488 2.027024033
44 2 100 27 2.027057556
129 35 100 9 2.027093555
111 72 100 10 2.027109348
92 30 100 11 2.027120690
28 51 100 27 2.027125698
110 107 100 432 2.027234468
8 45 100 21 2.027286644
80 90 100 2 2.027339558
138 136 100 23 2.027365683
1 143 100 1797 2.027456887
71 106 100 11 2.027470808
43 24 100 4 2.027504461
33 67 100 3 2.027541896
14 70 100 17 2.027576787
11 108 100 4686 2.027580762
113 103 100 5497 2.027623502
72 0 100 122 2.027733106
22 30 100 895 2.027742606
119 93 100 22 2.027785885
15 53 100 21 2.027789834
52 17 100 6462 2.027873489
85 42 100 4185 2.027920271
48 124 100 18 2.027932177
59 19 100 1 2.027940555
141 70 100 15 2.027999477
51 79 100 54 2.028002364
119 16 100 420 2.028006548
24 128 100 19757 2.028022746
112 29 100 1 2.028023885
41 82 100 1221 2.028091749
58 48 100 3 2.028101361
8 83 100 21 2.028136958
61 16 100 224 2.028172542
90 85 100 3149 2.028183553
106 98 100 54 2.028210715
71 121 100 2 2.028241814
74 27 100 647 2.028242040
134 42 100 15 2.028299516
74 61 100 31 2.028317848
139 16 100 4207 2.028369042
112 80 100 3866 2.028408402
104 62 100 5 2.028414535
96 40 100 504 2.028462063
91 67 100 41 2.028497276
89 21 100 55 2.028546736
93 66 100 57 2.028546901
99 51 100 1589 2.028587110
113 137 100 186 2.028667220
19 105 100 133 2.028694967
88 14 100 49 2.028737012
44 60 100 1019 2.028754828
74 68 100 37 2.028772683
34 109 100 1 2.028805389
119 73 100 1378 2.028811658
2 69 100 5 2.028874710
72 82 100 48 2.028891613
120 40 100 3441 2.028941077
21 97 100 3204 2.028952821
82 78 100 1103 2.029002133
36 3 100 373 2.029004033
20 99 100 8 2.029042775
6 92 100 102 2.029069910
64 55 100 391 2.029074065
92 130 100 34 2.029082829
78 124 100 5491 2.029109139
80 61 100 6073 2.029170476
75 56 100 6 2.029172636
18 83 100 272 2.029215892
24 51 100 821 2.029218066
70 43 100 47 2.029242172
66 58 100 72 2.029275821
8 4 100 15 2.029282538
2 52 100 17 2.029295142
53 5 100 52 2.029296411
116 83 100 26 2.029301312
39 125 100 12 2.029332938
111 88 100 3 2.029351539
27 95 100 2650 2.029360660
115 7 100 6 2.029366791
82 102 100 1564 2.029391597
26 104 100 2 2.029401885
25 121 100 31 2.029413125
26 115 100 23 2.029449309
120 47 100 1443 2.029479624
127 84 100 47 2.029485267
119 85 100 10 2.029490787
41 91 100 1566 2.029512554
78 121 100 1357 2.029513989
9 112 100 21 2.029518911
34 52 100 5089 2.029554191
66 99 100 16 2.029647917
76 58 100 1198 2.029650873
78 112 100 43 2.029661454
20 25 100 6 2.029719305
61 10 100 39 2.029742873
24 7 100 2 2.029749297
107 112 100 6308 2.029756722
74 72 100 54 2.029786509
10 120 100 39 2.029797993
70 7 100 3343 2.029836923
7 92 100 51 2.029847980
44 61 100 424 2.029862390
1 128 100 10 2.029869176
121 111 100 12 2.029875893
125 104 100 11 2.029921701
23 33 100 3201 2.029923261
110 38 100 38 2.029923767
34 79 100 16161 2.030059186
57 54 100 2204 2.030098458
141 139 100 996 2.030099325
83 134 100 3437 2.030114299
111 119 100 1 2.030149526
34 36 100 688 2.030152893
75 91 100 7 2.030179556
109 45 100 5622 2.030206105
29 128 100 18 2.030240715
129 61 100 3012 2.030291850
59 55 100 2 2.030318877
68 93 100 2898 2.030335998
96 111 100 1 2.030365322
16 54 100 3 2.030392687
21 45 100 13 2.030421823
116 69 100 1178 2.030444821
111 106 100 9 2.030476290
88 105 100 939 2.030524629
67 0 100 1566 2.030572464
126 36 100 2057 2.030587466
136 126 100 1 2.030613515
122 109 100 2 2.030632336
78 139 100 4 2.030656859
61 25 100 1 2.030660366
89 9 100 443 2.030685566
54 11 100 2384 2.030722473
134 62 100 1346 2.030806190
28 131 100 40 2.030834183
7 55 100 46 2.030852119
48 6 100 31 2.030856768
133 42 100 4 2.030909043
33 71 100 1857 2.030922508
28 143 100 51 2.030955935
74 100 100 5207 2.030983100
106 32 100 8 2.031027290
84 129 100 1404 2.031038881
134 52 100 46 2.031106109
124 96 100 45 2.031138161
88 138 100 40 2.031225168
54 76 100 52 2.031253713
113 48 100 4894 2.031308578
29 102 100 198 2.031310150
4 66 100 980 2.031314384
82 15 100 22 2.031318073
139 12 100 8 2.031343900
65 141 100 18 2.031365103
93 33 100 1 2.031366368
9 32 100 2031 2.031507754
51 29 100 339 2.031528320
34 139 100 38 2.031528792
9 78 100 633 2.031537598
128 50 100 1229 2.031552578
133 59 100 5917 2.031552634
8 51 100 626 2.031606258
75 103 100 36 2.031606684
27 90 100 904 2.031608793
93 104 100 20 2.031610439
49 50 100 4575 2.031642280
84 81 100 312 2.031662476
7 143 100 36 2.031688520
54 120 100 1 2.031707412
2 13 100 32 2.031709499
79 78 100 12 2.031744985
84 105 100 31 2.031747442
25 107 100 17 2.031815699
18 30 100 6 2.031816675
26 106 100 1039 2.031870206
10 55 100 1170 2.031942981
106 140 100 16 2.031946339
32 114 100 10 2.031951202
99 50 100 23 2.031972156
70 18 100 12 2.031976874
25 121 100 6 2.031984461
96 56 100 5771 2.031991684
123 142 100 931 2.032010954
80 62 100 5 2.032028861
114 108 100 270 2.032144087
112 43 100 30 2.032161028
99 13 100 49 2.032167232
60 107 100 47 2.032185698
129 42 100 118 2.032191604
113 103 100 29 2.032224258
41 8 100 2773 2.032234861
109 142 100 20 2.032269123
53 88 100 1155 2.032295643
73 128 100 2701 2.032430839
35 6 100 2347 2.032456860
35 59 100 36 2.032496132
111 68 100 5087 2.032501790
100 130 100 2892 2.032534180
73 122 100 6711 2.032567395
80 35 100 13 2.032574019
117 25 100 2 2.032593289
89 97 100 2960 2.032617246
101 58 100 25 2.032657160
68 72 100 1 2.032679836
123 131 100 22 2.032682054
70 141 100 1 2.032772585
133 1 100 253 2.032786588
0 33 100 10095 2.032790785
62 39 100 51 2.032794814
17 30 100 2 2.032842499
33 128 100 5996 2.032956773
118 67 100 47 2.032961701
54 44 100 92 2.033020237
135 98 100 24 2.033070970
30 49 100 3 2.033172820
41 22 100 1350 2.033172970
119 26 100 344 2.033279678
91 0 100 99 2.033343282
123 38 100 1 2.033356146
40 21 100 53 2.033356287
13 35 100 22 2.033393860
87 77 100 132 2.033397789
36 117 100 15624 2.033479971
34 25 100 6 2.033500169
124 14 100 46 2.033500372
59 31 100 12 2.033518680
139 15 100 1 2.033562364
141 98 100 1227 2.033572861
98 23 100 2799 2.033638540
32 25 100 64 2.033650904
71 21 100 6493 2.033702513
39 42 100 16 2.033706271
8 114 100 30 2.033712205
139 97 100 1092 2.033746122
48 83 100 1088 2.033750124
138 33 100 45 2.033758522
43 68 100 11 2.033809626
62 1 100 12 2.033815936
136 2 100 234 2.033861911
106 56 100 102 2.033891247
56 5 100 626 2.033892683
53 82 100 80 2.033924679
96 2 100 3295 2.033950923
51 50 100 33 2.034015290
129 44 100 17 2.034125412
51 9 100 1200 2.034139549
59 127 100 42 2.034163809
61 33 100 6 2.034187144
73 98 100 2928 2.034194339
7 71 100 77 2.034194974
111 47 100 2787 2.034212877
2 62 100 3357 2.034217074
111 26 100 247 2.034218485
109 49 100 447 2.034242078
82 53 100 6 2.034263966
142 8 100 33 2.034285843
55 22 100 815 2.034330301
11 30 100 1213 2.034401525
124 134 100 6 2.034429347
80 45 100 2 2.034484153
17 143 100 2392 2.034580504
34 135 100 3047 2.034597038
129 81 100 700 2.034607962
10 77 100 44 2.034629441
9 62 100 1345 2.034633567
64 43 100 53 2.034637828
103 137 100 4 2.034674223
35 134 100 159 2.034691981
46 92 100 5 2.034703383
46 77 100 29 2.034713995
67 16 100 329 2.034717879
86 109 100 5 2.034717909
13 95 100 10 2.034766252
106 29 100 1077 2.034795523
66 63 100 20 2.034956477
31 20 100 27 2.035076555
35 99 100 30 2.035090680
58 24 100 317 2.035118592
46 29 100 126 2.035163211
76 64 100 11609 2.035178940
49 73 100 73 2.035220484
84 88 100 31 2.035239245
106 64 100 5658 2.035356480
67 131 100 33 2.035359325
108 64 100 904 2.035412264
39 6 100 1335 2.035428481
4 95 100 2341 2.035438644
30 116 100 20 2.035453158
82 33 100 307 2.035495762
33 112 100 19290 2.035527458
98 58 100 6377 2.035580770
92 104 100 1455 2.035583060
134 98 100 5668 2.035642752
3 18 100 1682 2.035658854
107 64 100 40 2.035672839
45 116 100 47 2.035716963
113 70 100 3160 2.035718769
46 131 100 3190 2.035724453
55 14 100 6358 2.035766427
65 115 100 895 2.035783118
79 113 100 637 2.035788488
71 19 100 6 2.035800896
28 99 100 128 2.035820983
102 40 100 1122 2.035828764
61 64 100 490 2.035853027
74 71 100 5472 2.035933091
128 41 100 8 2.035967567
84 106 100 3 2.035976532
54 60 100 20 2.036009627
106 111 100 2 2.036049140
16 6 100 1011 2.036084683
83 9 100 3 2.036138022
92 37 100 21 2.036144390
102 16 100 197 2.036155707
59 137 100 305 2.036162686
53 119 100 2 2.036171735
102 41 100 25 2.036247347
102 68 100 472 2.036250806
72 115 100 16 2.036314077
111 129 100 16 2.036314663
60 38 100 1 2.036359385
72 74 100 3 2.036365052
59 87 100 6 2.036374594
85 16 100 97 2.036381966
62 27 100 6 2.036479091
116 47 100 5085 2.036493044
133 6 100 580 2.036500540
8 11 100 15761 2.036628955
103 102 100 1992 2.036683903
99 47 100 9 2.036713008
40 82 100 981 2.036741882
132 111 100 967 2.036760421
64 132 100 14 2.036760444
26 69 100 49 2.036821109
42 20 100 31 2.036844825
48 0 100 893 2.036901070
88 81 100 2548 2.036946574
67 88 100 5 2.036954916
45 88 100 3529 2.036958354
59 86 100 815 2.036984850
115 129 100 2129 2.037024503
131 52 100 1910 2.037037951
128 53 100 4048 2.037112712
66 31 100 8581 2.037114989
109 7 100 17 2.037134743
14 86 100 16 2.037180361
66 43 100 20 2.037192003
69 52 100 1489 2.037195672
10 140 100 18 2.037229141
92 112 100 29 2.037271591
12 67 100 14 2.037276277
56 90 100 887 2.037283650
16 31 100 877 2.037301387
62 44 100 567 2.037314206
114 119 100 1344 2.037316929
114 128 100 338 2.037343751
143 67 100 40 2.037354897
70 131 100 49 2.037376815
58 8 100 48 2.037388085
3 12 100 21 2.037394246
68 5 100 37 2.037401542
117 105 100 39 2.037421633
137 130 100 30 2.037437602
19 0 100 19 2.037488655
89 11 100 37 2.037509992
8 104 100 3 2.037511368
92 82 100 124 2.037601573
54 121 100 33 2.037614886
69 133 100 19 2.037665546
101 99 100 8 2.037684190
43 48 100 16883 2.037702451
134 71 100 1 2.037752326
57 40 100 1510 2.037775562
16 59 100 10 2.037827513
82 33 100 25 2.037883637
38 96 100 41 2.037897118
5 67 100 42 2.037927655
60 107 100 5269 2.037929155
1 41 100 738 2.037943516
101 80 100 1709 2.038001959
22 68 100 37 2.038021039
52 64 100 15 2.038024067
18 116 100 39 2.038035460
112 62 100 1139 2.038038738
60 17 100 50 2.038076596
104 53 100 39 2.038101629
74 20 100 89 2.038113675
135 142 100 3 2.038119687
8 76 100 2494 2.038121456
0 99 100 2 2.038122662
41 10 100 6 2.038130894
112 42 100 552 2.038132424
20 50 100 14 2.038191029
46 23 100 6334 2.038203103
118 98 100 2984 2.038222564
136 105 100 4072 2.038264379
99 81 100 2397 2.038269719
115 87 100 13 2.038271822
73 23 100 3 2.038326735
72 54 100 43 2.038330538
73 34 100 75 2.038361427
14 17 100 1158 2.038364360
40 104 100 3300 2.038433807
8 27 100 19 2.038468011
67 116 100 12 2.038502919
0 139 100 2461 2.038512080
75 47 100 489 2.038526628
130 123 100 49 2.038528156
125 77 100 15 2.038574897
6 132 100 2508 2.038584334
66 49 100 3094 2.038631783
32 89 100 1 2.038632529
41 81 100 6 2.038652207
7 62 100 174 2.038742652
59 16 100 3 2.038744322
137 66 100 103 2.038811724
127 94 100 1222 2.038879132
71 80 100 54 2.038890082
119 138 100 736 2.038902926
143 38 100 5 2.038922226
75 66 100 39 2.038967897
28 94 100 6 2.038974897
60 107 100 6 2.039006165
43 120 100 8618 2.039018912
30 36 100 33 2.039048080
112 109 100 25 2.039074386
103 21 100 38 2.039128628
39 35 100 1541 2.039128727
44 31 100 14756 2.039139971
82 76 100 67 2.039142058
19 8 100 8 2.039209157
56 41 100 165 2.039214544
20 133 100 588 2.039225773
56 16 100 2542 2.039226591
75 60 100 2352 2.039274988
42 63 100 27 2.039326402
0 90 100 6 2.039333837
120 54 100 1648 2.039359937
115 86 100 1684 2.039443814
91 75 100 20 2.039445288
113 96 100 1156 2.039458300
103 29 100 3157 2.039485792
93 40 100 2930 2.039510176
56 64 100 5015 2.039520287
23 9 100 1 2.039520355
44 140 100 3152 2.039529410
35 48 100 73 2.039544452
127 131 100 16 2.039551694
32 39 100 30 2.039558244
142 102 100 5622 2.039559886
16 101 100 24 2.039577690
98 120 100 3 2.039630880
2 78 100 32 2.039666050
61 79 100 753 2.039668884
124 123 100 18 2.039693337
105 97 100 19 2.039705888
7 111 100 25 2.039767337
142 102 100 1 2.039789635
123 89 100 2962 2.039899069
108 64 100 221 2.039942757
21 15 100 1229 2.039945978
76 91 100 976 2.039975306
50 103 100 17 2.040031400
113 135 100 18 2.040039125
120 93 100 4259 2.040095974
71 122 100 1305 2.040103960
23 135 100 70 2.040108760
98 42 100 118 2.040115494
41 77 100 5303 2.040161312
96 26 100 46 2.040174218
84 40 100 27 2.040180744
88 0 100 662 2.040189068
122 82 100 3 2.040194317
99 96 100 2 2.040231655
72 108 100 14201 2.040268088
57 138 100 11740 2.040305191
122 66 100 4026 2.040361284
57 13 100 45 2.040362612
139 81 100 3 2.040407595
57 118 100 26 2.040410859
8 125 100 45 2.040486049
105 64 100 1 2.040500709
33 141 100 79 2.040501332
72 89 100 1 2.040553851
126 99 100 465 2.040560637
6 27 100 43 2.040560693
47 0 100 18 2.040566638
47 22 100 11076 2.040596143
105 92 100 579 2.040622656
94 102 100 135 2.040662459
74 73 100 1602 2.040664999
69 18 100 989 2.040718290
52 117 100 379 2.040730634
125 137 100 17 2.040730758
52 88 100 13 2.040753781
41 56 100 1183 2.040795416
26 32 100 5087 2.040811355
35 20 100 1304 2.040840400
106 76 100 7 2.040850530
21 39 100 12752 2.040908221
7 22 100 4162 2.040924024
68 124 100 78 2.040965014
44 11 100 28 2.040978925
59 108 100 17 2.040980230
3 117 100 61 2.040991742
28 38 100 16 2.041080846
133 46 100 2774 2.041099861
140 134 100 23 2.041108731
13 82 100 558 2.041118915
73 13 100 78 2.041127435
18 23 100 53 2.041154440
19 119 100 4 2.041221026
15 71 100 70 2.041241426
36 97 100 39 2.041256684
15 60 100 18102 2.041265643
70 78 100 110 2.041279562
53 114 100 1 2.041279608
0 57 100 2551 2.041294192
32 0 100 50 2.041311595
42 119 100 10526 2.041319680
19 32 100 13 2.041346270
98 70 100 681 2.041353605
66 112 100 29 2.041376496
94 90 100 39 2.041444778
101 2 100 2605 2.041462063
51 25 100 52 2.041581578
50 31 100 53 2.041593048
82 8 100 1 2.041612673
29 120 100 1124 2.041638028
30 4 100 1296 2.041660669
46 76 100 17 2.041673480
62 79 100 561 2.041679714
31 35 100 14 2.041747072
58 106 100 50 2.041759837
68 141 100 25 2.041760826
141 121 100 35 2.041765643
17 46 100 2711 2.041835277
107 94 100 19 2.041852623
135 41 100 80 2.041891595
76 45 100 1 2.041933825
139 62 100 1125 2.042008705
101 27 100 18 2.042014763
10 98 100 5428 2.042042054
31 103 100 14 2.042042656
25 54 100 379 2.042057451
61 131 100 1 2.042065431
20 2 100 3 2.042079317
72 52 100 1244 2.042080690
132 121 100 4416 2.042120183
23 77 100 1 2.042127127
84 126 100 1 2.042128824
20 0 100 129 2.042151845
105 49 100 3584 2.042182794
44 17 100 2 2.042256019
30 62 100 15 2.042288765
30 121 100 1299 2.042293506
2 87 100 4 2.042380218
69 16 100 11400 2.042402229
105 68 100 1245 2.042451796
2 79 100 515 2.042455010
135 33 100 2 2.042456570
83 43 100 712 2.042463659
142 91 100 3 2.042465503
60 23 100 2587 2.042467925
70 74 100 130 2.042514427
95 77 100 354 2.042519872
44 14 100 4100 2.042542892
123 108 100 120 2.042547031
5 96 100 20 2.042576031
25 124 100 6754 2.042589230
70 117 100 7359 2.042631258
45 29 100 3 2.042638077
121 112 100 2 2.042668145
46 81 100 6 2.042705670
65 73 100 16 2.042718759
83 77 100 33 2.042722273
97 8 100 10 2.042726593
35 12 100 318 2.042735846
124 9 100 53 2.042759929
30 10 100 1638 2.042773684
98 126 100 631 2.042791453
127 101 100 83 2.042828815
53 114 100 41 2.042839075
73 106 100 130 2.042870501
41 101 100 1865 2.042957861
63 141 100 34 2.042973434
112 111 100 26 2.043017818
116 82 100 39 2.043039616
130 88 100 2 2.043089273
15 130 100 13 2.043106767
3 52 100 5697 2.043183290
43 114 100 3468 2.043194884
112 54 100 52 2.043196418
113 28 100 1287 2.043227882
139 121 100 87 2.043236795
133 89 100 536 2.043259406
27 88 100 181 2.043263110
67 96 100 40 2.043274131
0 120 100 5257 2.043287312
137 108 100 43 2.043322333
23 102 100 33 2.043340905
118 33 100 2233 2.043353258
64 25 100 31 2.043353622
126 82 100 19 2.043380624
38 101 100 224 2.043391633
29 66 100 2725 2.043450037
59 79 100 32 2.043453262
93 105 100 645 2.043463733
30 52 100 108 2.043493738
79 71 100 11509 2.043544785
9 110 100 51 2.043545524
125 92 100 34 2.043551858
73 16 100 6598 2.043566021
128 40 100 3 2.043610272
136 12 100 23 2.043658151
122 133 100 127 2.043726734
53 99 100 31 2.043778291
73 14 100 22 2.043799524
91 133 100 1 2.043835322
69 141 100 14 2.043908686
94 60 100 889 2.043954727
48 25 100 2 2.044037776
118 103 100 21 2.044054983
133 61 100 8 2.044057090
62 14 100 32 2.044057981
92 13 100 32 2.044069700
143 131 100 30 2.044080512
63 119 100 11 2.044083684
126 115 100 761 2.044117842
50 49 100 1 2.044127635
11 8 100 10562 2.044129965
127 82 100 49 2.044218514
101 123 100 4323 2.044227998
23 55 100 49 2.044231053
18 136 100 15 2.044234196
35 69 100 15 2.044238431
18 67 100 40 2.044240897
27 1 100 49 2.044256726
31 13 100 4 2.044262962
103 28 100 1 2.044295148
110 12 100 6017 2.044303583
54 93 100 510 2.044305671
17 45 100 1154 2.044326025
98 77 100 1 2.044386547
126 6 100 19 2.044416742
34 96 100 48 2.044473774
3 24 100 1138 2.044573701
133 113 100 869 2.044606597
104 141 100 12 2.044659251
89 54 100 2468 2.044681908
52 84 100 11708 2.044699326
43 0 100 1204 2.044709626
33 97 100 570 2.044759421
102 79 100 3282 2.044807195
33 119 100 659 2.044809358
40 76 100 9755 2.044821809
14 8 100 63 2.044822816
73 88 100 149 2.044830537
96 59 100 1025 2.044899539
46 79 100 697 2.044964076
56 110 100 35 2.044982123
104 114 100 720 2.045010994
130 70 100 10 2.045029000
100 72 100 4 2.045060353
73 111 100 2 2.045071320
83 103 100 17 2.045117449
132 121 100 4026 2.045187405
88 67 100 325 2.045206677
105 81 100 1139 2.045277468
117 32 100 19 2.045299412
30 80 100 1275 2.045328872
126 74 100 15 2.045406521
17 109 100 109 2.045423589
79 83 100 5 2.045446862
2 7 100 9 2.045450505
10 98 100 67 2.045480676
41 47 100 20 2.045509266
16 49 100 981 2.045571717
134 67 100 78 2.045589116
52 104 100 327 2.045597482
127 61 100 1045 2.045622539
69 88 100 35 2.045664326
69 120 100 129 2.045755415
33 32 100 28 2.045794301
36 134 100 6529 2.045840518
130 123 100 20 2.045855558
87 117 100 14 2.045867736
108 107 100 17 2.045927390
39 21 100 12 2.046018770
139 135 100 3057 2.046046425
49 84 100 14 2.046063840
37 35 100 228 2.046073054
53 28 100 69 2.046108627
113 131 100 4 2.046167583
90 75 100 28 2.046171410
18 93 100 249 2.046181711
78 12 100 927 2.046200530
62 14 100 1668 2.046224934
61 12 100 2 2.046225669
120 67 100 781 2.046227384
50 1 100 1 2.046234654
53 98 100 95 2.046271898
124 27 100 15 2.046286203
117 36 100 1 2.046292952
20 112 100 43 2.046325617
117 69 100 2 2.046343252
115 47 100 1434 2.046368825
135 97 100 6181 2.046375528
78 88 100 557 2.046385466
23 135 100 6 2.046450124
113 38 100 19 2.046456580
119 78 100 116 2.046458364
66 134 100 21 2.046468187
66 88 100 1323 2.046504720
38 0 100 117 2.046507756
64 136 100 25 2.046516979
68 26 100 49 2.046550013
119 100 100 581 2.046566871
105 136 100 4 2.046585566
142 50 100 11 2.046612051
133 53 100 804 2.046625232
106 131 100 3 2.046627314
0 13 100 558 2.046636873
63 48 100 4336 2.046654017
123 76 100 723 2.046677654
60 77 100 617 2.046718981
26 16 100 91 2.046719957
79 37 100 3913 2.046778175
56 143 100 14 2.046792775
101 103 100 37 2.046792976
79 77 100 15 2.046809319
108 17 100 5 2.046820092
42 81 100 1732 2.046864796
108 97 100 1327 2.046879458
44 75 100 54 2.046880198
90 22 100 25 2.046920029
105 40 100 1522 2.046924397
72 14 100 1699 2.046957242
126 86 100 2049 2.046962295
50 126 100 3217 2.046974709
89 106 100 704 2.046989311
25 75 100 896 2.047005081
125 95 100 427 2.047041222
79 15 100 17464 2.047077168
114 58 100 16 2.047108527
91 81 100 2052 2.047130804
6 8 100 4 2.047140466
83 80 100 19 2.047166825
114 118 100 1579 2.047177631
90 94 100 16913 2.047183857
48 3 100 10 2.047184940
32 139 100 16 2.047232815
113 109 100 7 2.047247306
8 16 100 1234 2.047301355
27 134 100 49 2.047367451
81 5 100 940 2.047389588
20 54 100 818 2.047418785
55 70 100 1354 2.047429509
35 135 100 47 2.047455390
114 142 100 19 2.047469571
6 34 100 20 2.047476991
112 113 100 50 2.047484897
70 36 100 14 2.047543755
117 40 100 2 2.047548978
62 42 100 10 2.047567128
136 140 100 1308 2.047601624
41 48 100 340 2.047607758
67 77 100 3 2.047635079
119 47 100 37 2.047636330
127 97 100 27 2.047646703
109 125 100 4838 2.047680466
7 73 100 7 2.047709097
62 139 100 673 2.047753273
116 29 100 78 2.047785033
45 46 100 2932 2.047807669
84 57 100 41 2.047833803
28 68 100 52 2.047841337
61 118 100 2511 2.047848081
67 87 100 2563 2.047860636
44 86 100 2127 2.047883814
6 51 100 9 2.047891079
122 6 100 47 2.047893509
79 125 100 12011 2.047896706
121 31 100 4 2.047900276
79 8 100 1 2.047917035
121 128 100 25 2.047952848
98 43 100 1 2.047963728
88 142 100 392 2.047985374
37 82 100 3428 2.048035170
6 42 100 839 2.048089386
19 35 100 917 2.048091746
112 9 100 2236 2.048101345
78 13 100 16 2.048108067
24 117 100 16 2.048136046
0 8 100 50 2.048159816
99 44 100 4 2.048173451
75 7 100 905 2.048195737
14 103 100 507 2.048211032
47 107 100 38 2.048212057
65 51 100 24 2.048229953
126 133 100 52 2.048245423
75 105 100 3166 2.048251053
20 113 100 15 2.048255543
33 38 100 33 2.048281133
7 78 100 2884 2.048281834
16 104 100 24 2.048300928
98 52 100 41 2.048327522
136 127 100 49 2.048345941
77 103 100 3392 2.048351422
83 34 100 2614 2.048368348
124 59 100 35 2.048373217
23 129 100 1275 2.048379550
73 71 100 18 2.048392154
1 27 100 242 2.048413273
50 22 100 10 2.048441261
77 117 100 27 2.048476008
46 19 100 1086 2.048479067
106 121 100 33 2.048487045
35 42 100 49 2.048506600
63 58 100 3 2.048510348
35 69 100 43 2.048611475
110 12 100 32 2.048626773
131 25 100 48 2.048641036
134 21 100 66 2.048677470
62 96 100 33 2.048693581
138 54 100 128 2.048706531
5 92 100 736 2.048722508
131 120 100 687 2.048779971
48 78 100 1359 2.048786377
21 74 100 44 2.048790120
111 68 100 3 2.048812027
89 18 100 20 2.048821117
82 29 100 41 2.048836656
41 134 100 2594 2.048844227
96 131 100 1125 2.048850637
3 143 100 43 2.048878887
121 91 100 754 2.048882123
74 82 100 17 2.048909018
96 37 100 29 2.048915550
116 128 100 2250 2.048945319
21 141 100 3064 2.048946624
57 12 100 3079 2.048963944
80 40 100 464 2.048973301
12 33 100 19 2.048987807
91 39 100 26 2.048989590
59 2 100 1066 2.049015068
111 46 100 19006 2.049046345
10 58 100 2739 2.049067463
42 133 100 1257 2.049089571
115 116 100 6 2.049113992
91 12 100 6 2.049148325
47 140 100 33 2.049176870
49 106 100 5 2.049210377
87 37 100 14 2.049296613
106 63 100 2563 2.049306758
139 119 100 1169 2.049310172
115 20 100 14 2.049310487
58 136 100 54 2.049324150
104 15 100 443 2.049338852
84 52 100 1813 2.049339979
27 136 100 2604 2.049355129
15 109 100 1352 2.049357128
76 116 100 1586 2.049367242
47 115 100 33 2.049457356
136 23 100 44 2.049476639
19 100 100 85 2.049486077
133 112 100 14 2.049571633
69 70 100 2524 2.049634644
27 73 100 50 2.049716753
103 15 100 2656 2.049719643
14 59 100 1 2.049723702
5 67 100 2929 2.049740712
4 32 100 37 2.049808040
23 81 100 5156 2.049840018
0 94 100 1357 2.049879791
41 80 100 1712 2.049916702
15 119 100 1497 2.049999986
85 142 100 4 2.050086470
20 21 100 1479 2.050089154
97 121 100 2929 2.050118735
73 28 100 2336 2.050121868
69 38 100 31 2.050137594
30 71 100 3081 2.050170868
98 2 100 36 2.050209921
123 104 100 12328 2.050217712
6 62 100 46 2.050262937
99 63 100 48 2.050377101
36 55 100 2 2.050395005
20 31 100 12 2.050407838
112 81 100 47 2.050435245
136 23 100 1297 2.050469069
53 116 100 1135 2.050469214
130 59 100 40 2.050496137
104 86 100 6 2.050532821
95 75 100 23 2.050643135
110 131 100 9 2.050731675
17 137 100 2696 2.050797959
52 119 100 5 2.050812592
71 130 100 3 2.050820306
86 114 100 21 2.050837716
84 112 100 546 2.050846365
115 81 100 51 2.050852590
19 142 100 974 2.050855967
37 58 100 48 2.050865319
66 32 100 2234 2.050946774
93 76 100 122 2.050955044
130 114 100 205 2.050998085
119 114 100 1132 2.051013896
31 111 100 453 2.051020599
141 60 100 3380 2.051047331
134 0 100 18 2.051054290
82 81 100 2 2.051095141
137 50 100 554 2.051107086
83 120 100 660 2.051123096
85 84 100 3382 2.051126580
31 23 100 112 2.051132301
82 41 100 5 2.051132379
109 120 100 20 2.051240153
89 84 100 16 2.051420853
99 53 100 21 2.051426109
1 21 100 1 2.051457237
45 81 100 334 2.051477919
98 60 100 1911 2.051516919
16 77 100 1493 2.051520125
34 126 100 3425 2.051552054
62 122 100 349 2.051597885
138 74 100 2 2.051632216
86 89 100 58 2.051670747
84 76 100 32 2.051676826
88 115 100 5 2.051708402
112 6 100 5648 2.051710981
66 119 100 4 2.051731218
45 113 100 1 2.051732641
72 8 100 17 2.051747909
113 22 100 33 2.051793003
8 102 100 3412 2.051802399
110 2 100 902 2.051820509
58 127 100 11 2.051821032
111 24 100 94 2.051869913
129 91 100 20 2.051913556
3 75 100 1 2.051926487
41 60 100 51 2.051946187
42 37 100 2 2.051954265
93 28 100 29 2.051967812
25 98 100 1 2.051970804
97 47 100 700 2.051975745
137 12 100 824 2.051992952
4 53 100 1434 2.052034153
36 107 100 591 2.052078699
135 33 100 20 2.052086491
124 67 100 83 2.052099494
107 20 100 15 2.052219175
83 25 100 5 2.052232326
68 32 100 106 2.052274666
9 61 100 2866 2.052324240
14 66 100 35 2.052376617
55 53 100 52 2.052391837
39 7 100 8 2.052432353
5 62 100 1 2.052461603
20 123 100 14 2.052461758
130 84 100 5 2.052470269
97 9 100 41 2.052470930
135 0 100 2 2.052486816
16 24 100 6 2.052523379
131 36 100 62 2.052541987
129 14 100 16 2.052545459
88 8 100 562 2.052566681
86 138 100 50 2.052589493
140 77 100 3301 2.052607982
114 116 100 2 2.052624830
74 127 100 3889 2.052640610
44 87 100 37 2.052655378
94 13 100 1298 2.052656567
114 63 100 4974 2.052658709
99 95 100 137 2.052663494
119 115 100 47 2.052693467
109 10 100 180 2.052696055
21 22 100 2 2.052760027
130 9 100 871 2.052793972
93 35 100 18 2.052810417
82 114 100 15 2.052872863
34 43 100 30 2.052899719
14 81 100 72 2.052928628
19 65 100 28 2.052933537
53 9 100 1 2.052948412
46 2 100 3760 2.052973256
118 49 100 3013 2.052982264
75 57 100 3460 2.053019321
103 119 100 20 2.053025734
94 51 100 1000 2.053026908
89 139 100 36 2.053057253
77 22 100 1329 2.053068367
63 87 100 38 2.053073959
141 65 100 21 2.053074909
15 3 100 974 2.053090310
5 129 100 34 2.053101328
125 71 100 1104 2.053104258
71 101 100 6 2.053126801
140 82 100 338 2.053142560
17 32 100 1 2.053153391
17 61 100 1 2.053164645
58 116 100 372 2.053205944
15 56 100 38 2.053227903
0 73 100 341 2.053234673
116 9 100 4 2.053260886
125 114 100 6338 2.053268143
20 93 100 2 2.053316210
26 88 100 20 2.053386960
32 125 100 2365 2.053397982
99 102 100 303 2.053443978
122 5 100 24 2.053462961
115 119 100 6 2.053544430
122 98 100 1035 2.053646696
93 72 100 2 2.053699364
103 100 100 1671 2.053712288
129 104 100 49 2.053715547
13 140 100 2 2.053756397
30 0 100 19 2.053770990
85 117 100 253 2.053771875
11 64 100 231 2.053779408
35 100 100 69 2.053782900
138 51 100 1 2.053818999
4 139 100 4 2.053831096
59 135 100 45 2.053979132
98 136 100 21 2.054037756
135 101 100 11 2.054041476
132 118 100 19 2.054092148
61 111 100 18 2.054123830
127 14 100 5 2.054125214
95 102 100 43 2.054148208
50 14 100 10 2.054193391
30 111 100 31 2.054194512
13 62 100 33 2.054222406
117 137 100 5 2.054239168
123 62 100 910 2.054251294
111 85 100 4649 2.054252831
117 102 100 32 2.054278199
143 43 100 13 2.054286227
79 85 100 21 2.054304228
127 134 100 22 2.054308269
41 53 100 139 2.054398228
90 49 100 2866 2.054405237
129 29 100 18613 2.054428034
84 95 100 43 2.054428658
18 49 100 1363 2.054453709
124 132 100 28 2.054466491
114 109 100 6 2.054484942
112 80 100 33 2.054493553
97 25 100 12 2.054581891
19 133 100 117 2.054604116
29 64 100 2156 2.054650224
66 94 100 2 2.054674306
115 79 100 30 2.054685915
5 26 100 2 2.054764846
112 113 100 163 2.054765393
138 42 100 102 2.054826582
37 32 100 8 2.054827333
83 106 100 996 2.054849633
27 65 100 22 2.054865312
24 63 100 2769 2.054866228
70 131 100 16 2.054892342
74 32 100 2741 2.054918987
25 113 100 1089 2.054937310
18 45 100 3358 2.054955095
89 1 100 39 2.054974317
19 41 100 411 2.054975674
11 123 100 1077 2.054985254
129 94 100 81 2.054992783
18 101 100 133 2.055006191
139 123 100 3 2.055007662
61 108 100 1097 2.055063085
70 8 100 24 2.055099586
105 26 100 20 2.055149122
12 115 100 1874 2.055189077
50 1 100 4 2.055220443
48 104 100 14 2.055222092
118 125 100 32 2.055286094
143 119 100 1132 2.055290858
33 114 100 16 2.055327701
99 38 100 2000 2.055382874
65 41 100 1098 2.055397981
133 26 100 903 2.055404242
27 133 100 52 2.055430470
38 0 100 6409 2.055433020
7 21 100 14041 2.055447125
110 102 100 52 2.055467649
103 25 100 48 2.055527589
86 35 100 475 2.055629016
101 54 100 628 2.055631418
97 136 100 5358 2.055639320
124 106 100 133 2.055666908
73 17 100 722 2.055709319
62 30 100 457 2.055717334
9 77 100 1435 2.055725416
131 124 100 33 2.055772085
73 101 100 100 2.055777437
140 58 100 6 2.055811157
24 99 100 6 2.055811321
68 56 100 14 2.055815507
71 84 100 2511 2.055829619
35 14 100 170 2.055853890
129 48 100 3216 2.055872368
68 91 100 527 2.055894438
2 35 100 31 2.055919138
142 40 100 363 2.055922498
142 7 100 104 2.055923794
100 19 100 1 2.055952274
131 24 100 47 2.055979266
111 49 100 1031 2.056030666
96 0 100 19 2.056059728
90 23 100 1736 2.056060321
120 110 100 6633 2.056064834
60 66 100 16 2.056143926
72 40 100 16490 2.056156103
53 112 100 28 2.056186463
19 11 100 1193 2.056211099
115 140 100 6781 2.056239605
107 80 100 8 2.056247477
54 111 100 4750 2.056254422
109 37 100 1 2.056275192
136 46 100 5668 2.056326634
4 102 100 24 2.056358152
73 46 100 44 2.056460351
38 138 100 5211 2.056521861
102 3 100 26 2.056552451
125 117 100 36 2.056563837
2 143 100 315 2.056565955
0 134 100 2477 2.056576735
99 39 100 15 2.056582947
25 34 100 14 2.056584343
61 106 100 6 2.056596877
95 5 100 340 2.056619989
84 66 100 96 2.056631593
95 52 100 16011 2.056649597
124 44 100 21 2.056653657
115 128 100 33 2.056655490
80 14 100 460 2.056664435
140 135 100 378 2.056677211
12 133 100 1 2.056686448
100 108 100 2386 2.056688300
122 126 100 47 2.056802145
14 139 100 111 2.056822559
44 127 100 3298 2.056865748
34 113 100 5286 2.056902720
38 105 100 2 2.056915709
112 128 100 33 2.056933937
26 10 100 2 2.056953055
21 115 100 61 2.056974762
80 125 100 73 2.056981504
124 43 100 89 2.056990865
15 117 100 115 2.056992169
35 130 100 7 2.057056908
75 103 100 668 2.057065564
134 55 100 10 2.057112974
124 5 100 618 2.057142203
62 78 100 26 2.057148720
20 11 100 1014 2.057208187
15 98 100 556 2.057219937
44 2 100 6 2.057257694
75 80 100 880 2.057261444
36 59 100 44 2.057317967
66 115 100 117 2.057377004
71 0 100 18 2.057465550
86 130 100 3186 2.057492215
84 119 100 5 2.057493773
48 0 100 32 2.057501892
26 27 100 136 2.057551070
2 84 100 99 2.057563231
142 44 100 1074 2.057632381
3 124 100 1254 2.057640679
15 7 100 1668 2.057665650
142 34 100 3 2.057718250
79 107 100 19 2.057746275
132 33 100 45 2.057806070
17 78 100 20 2.057830547
68 124 100 19 2.057849270
12 143 100 1194 2.057874765
78 105 100 1298 2.057893381
26 117 100 4066 2.057906042
9 91 100 1 2.057980913
109 125 100 24 2.057997059
82 129 100 1696 2.058030577
34 55 100 1991 2.058061281
74 56 100 16 2.058098360
13 83 100 14 2.058133588
85 56 100 53 2.058138203
106 52 100 120 2.058146818
22 76 100 2611 2.058162312
131 92 100 4 2.058183528
119 86 100 263 2.058203687
120 112 100 3076 2.058211086
55 92 100 2343 2.058219124
8 22 100 50 2.058255335
83 34 100 45 2.058322780
131 32 100 119 2.058323648
22 54 100 31 2.058336618
81 67 100 5 2.058378684
92 104 100 6 2.058412876
10 101 100 204 2.058488296
97 17 100 127 2.058504187
142 83 100 16 2.058545630
90 74 100 51 2.058559928
55 139 100 3734 2.058601490
128 123 100 25 2.058628603
42 34 100 3 2.058636439
56 90 100 6156 2.058637376
24 88 100 16 2.058648142
115 10 100 4 2.058649516
26 54 100 51 2.058651714
13 126 100 2756 2.058653032
46 26 100 7 2.058710724
22 76 100 13216 2.058719389
85 52 100 45 2.058762182
86 115 100 5559 2.058780992
132 133 100 28 2.058793950
41 101 100 2041 2.058797457
115 60 100 129 2.058863482
61 106 100 4 2.058873618
80 113 100 15 2.058912963
40 7 100 15 2.058929651
55 50 100 286 2.058941370
42 57 100 3049 2.058941751
103 139 100 12 2.058958762
136 101 100 3696 2.058979493
121 53 100 42 2.058994886
14 49 100 1344 2.059000553
23 104 100 196 2.059037947
119 103 100 17560 2.059042503
45 134 100 23 2.059099922
26 72 100 773 2.059129046
35 79 100 39 2.059134192
58 107 100 1399 2.059204184
21 128 100 1251 2.059207873
108 74 100 3 2.059269923
54 117 100 18 2.059270681
47 56 100 14 2.059285742
32 84 100 1238 2.059293493
112 82 100 18 2.059310491
78 42 100 112 2.059316152
1 131 100 44 2.059339567
2 72 100 287 2.059397212
84 72 100 15 2.059401630
38 111 100 24 2.059403715
93 78 100 11 2.059414146
3 115 100 330 2.059423914
117 46 100 2152 2.059428448
30 130 100 11 2.059460548
48 108 100 421 2.059663139
57 109 100 13 2.059673786
129 68 100 240 2.059674323
83 93 100 51 2.059725038
4 34 100 32 2.059731751
67 19 100 5038 2.059784356
92 3 100 195 2.059787573
48 25 100 985 2.059802427
22 80 100 4179 2.059815926
117 61 100 1 2.059824316
113 114 100 3106 2.059850093
140 92 100 1112 2.059868875
94 31 100 6 2.059883199
33 68 100 1 2.059887874
124 6 100 738 2.059918787
40 128 100 18 2.059971329
62 78 100 4072 2.059990040
74 54 100 1115 2.060001711
73 8 100 805 2.060004581
29 87 100 3152 2.060014302
132 113 100 5256 2.060021656
16 5 100 41 2.060046896
134 85 100 54 2.060054720
13 124 100 42 2.060062884
69 72 100 51 2.060082790
33 66 100 13061 2.060097964
53 72 100 1 2.060162349
24 100 100 30 2.060162727
63 52 100 54 2.060164784
133 84 100 1601 2.060258758
71 16 100 12 2.060300667
88 65 100 1162 2.060342326
115 55 100 18 2.060402454
119 67 100 287 2.060430149
82 81 100 966 2.060462389
134 128 100 126 2.060501532
72 80 100 1532 2.060545670
70 80 100 1906 2.060570544
60 72 100 6 2.060671677
111 47 100 879 2.060679242
55 128 100 12 2.060718074
1 10 100 13 2.060778219
72 28 100 1 2.060816259
98 88 100 47 2.060857520
38 90 100 1235 2.060991009
62 99 100 62 2.061059585
20 53 100 3 2.061060488
127 86 100 37 2.061067864
127 83 100 1962 2.061071986
106 50 100 31 2.061101626
53 140 100 4 2.061115247
12 83 100 30 2.061165130
59 112 100 3158 2.061182223
126 69 100 42 2.061196461
108 65 100 816 2.061200542
16 128 100 2 2.061253812
3 108 100 34 2.061289321
59 41 100 22 2.061321631
7 45 100 61 2.061340562
14 62 100 43 2.061353991
20 74 100 539 2.061366810
9 15 100 26 2.061369370
22 15 100 379 2.061400929
138 105 100 118 2.061401521
60 87 100 2 2.061429961
49 106 100 1083 2.061497265
2 6 100 31 2.061515593
81 54 100 1 2.061553177
70 93 100 1304 2.061586452
132 116 100 29 2.061619335
115 107 100 3 2.061632705
91 24 100 713 2.061685757
78 131 100 32 2.061751123
89 26 100 1 2.061786026
82 7 100 1 2.061812614
62 84 100 606 2.061852017
95 77 100 14 2.061866229
114 136 100 1079 2.061891346
12 28 100 15578 2.061904730
89 114 100 3298 2.061958943
7 83 100 629 2.061961607
37 65 100 36 2.062061205
90 88 100 16 2.062068099
94 62 100 2 2.062073920
77 60 100 1311 2.062130518
10 75 100 266 2.062154541
113 32 100 14 2.062156379
129 42 100 1312 2.062160183
74 30 100 90 2.062198742
8 137 100 49 2.062249305
113 35 100 895 2.062261582
55 79 100 31 2.062339634
112 36 100 3 2.062376737
116 104 100 5 2.062397011
63 8 100 723 2.062475829
43 124 100 3 2.062586514
10 46 100 14 2.062606455
7 24 100 29 2.062627466
32 99 100 4766 2.062639357
126 96 100 33 2.062655996
58 64 100 726 2.062661011
71 16 100 7 2.062677910
69 142 100 33 2.062700359
90 118 100 25 2.062707774
30 17 100 1177 2.062848808
87 84 100 1 2.062902433
37 127 100 670 2.062920757
116 114 100 4 2.062963750
78 121 100 17 2.063003449
136 96 100 26 2.063015856
83 109 100 2 2.063018878
102 6 100 45 2.063033244
72 7 100 12 2.063042959
93 16 100 4891 2.063045246
14 48 100 39 2.063056057
67 35 100 1280 2.063137754
94 124 100 18 2.063163650
72 109 100 1695 2.063165603
89 105 100 38 2.063180270
127 135 100 2939 2.063216771
105 24 100 581 2.063238633
7 28 100 5 2.063245711
84 138 100 43 2.063259287
107 39 100 22 2.063293228
119 58 100 53 2.063302473
100 0 100 1 2.063315211
72 50 100 39 2.063330753
87 89 100 6 2.063343940
123 102 100 1 2.063349800
53 114 100 44 2.063363202
143 84 100 327 2.063375861
47 67 100 2 2.063420618
0 88 100 5154 2.063457814
2 52 100 6099 2.063466213
11 134 100 18 2.063498538
121 131 100 43 2.063512417
66 1 100 4725 2.063537174
22 89 100 444 2.063573076
35 104 100 275 2.063629675
69 29 100 49 2.063634663
52 132 100 131 2.063649730
48 87 100 11 2.063669928
2 39 100 51 2.063763663
17 45 100 1 2.063777330
75 128 100 1 2.063807459
12 83 100 546 2.063852587
9 29 100 37 2.063858697
98 134 100 4 2.063869876
59 129 100 836 2.063878855
124 1 100 3 2.063922390
90 87 100 45 2.063936152
79 41 100 4335 2.063955591
74 102 100 123 2.063971067
12 88 100 36 2.064005018
76 96 100 5 2.064033097
28 88 100 3432 2.064052845
74 125 100 4745 2.064062259
42 111 100 6374 2.064093843
105 122 100 2089 2.064101029
51 10 100 11 2.064112434
76 10 100 4 2.064122431
64 61 100 415 2.064125237
116 136 100 10 2.064144645
69 127 100 25 2.064171452
127 134 100 35 2.064212755
70 75 100 4 2.064246304
121 49 100 37 2.064271524
111 9 100 770 2.064330714
34 76 100 3806 2.064387154
22 7 100 3 2.064505179
42 81 100 6 2.064564240
80 40 100 990 2.064565048
96 136 100 30 2.064636158
31 50 100 407 2.064638861
100 81 100 8 2.064695365
98 23 100 29 2.064761506
10 107 100 4 2.064780510
0 59 100 14 2.064854759
85 119 100 26 2.064910916
132 77 100 7 2.064957304
114 62 100 5219 2.064963353
38 51 100 1357 2.064974556
126 5 100 3 2.064984778
13 9 100 4 2.065014277
101 82 100 48 2.065025531
92 60 100 17 2.065079475
33 68 100 1 2.065115258
142 133 100 29 2.065148382
105 120 100 4 2.065159448
106 101 100 790 2.065165848
117 82 100 591 2.065207295
106 48 100 997 2.065216012
29 52 100 17446 2.065232957
130 47 100 47 2.065236478
56 130 100 1120 2.065269313
129 131 100 30 2.065278982
8 85 100 137 2.065312416
25 91 100 5 2.065319876
121 69 100 568 2.065323625
130 102 100 348 2.065360865
107 76 100 121 2.065396769
116 88 100 710 2.065418602
109 53 100 102 2.065441255
78 45 100 10 2.065447819
87 57 100 47 2.065479599
17 85 100 27 2.065512553
75 119 100 767 2.065560458
50 10 100 12 2.065563286
50 130 100 19 2.065649182
78 74 100 2277 2.065677706
83 37 100 560 2.065711312
15 55 100 801 2.065711510
63 53 100 114 2.065749404
142 72 100 27 2.065812581
26 57 100 9872 2.065819765
41 17 100 1171 2.065826870
65 34 100 34 2.065838691
114 40 100 88 2.065851632
54 107 100 18 2.065876186
4 59 100 130 2.065922703
78 113 100 362 2.065978429
12 28 100 32 2.065982960
106 76 100 5 2.066032380
27 15 100 5805 2.066051402
0 60 100 103 2.066076453
1 58 100 5 2.066090265
16 112 100 48 2.066094877
94 132 100 2068 2.066104738
14 5 100 19 2.066159749
61 50 100 5 2.066177389
97 1 100 1273 2.066231836
72 108 100 74 2.066236539
36 142 100 1 2.066264519
100 28 100 1 2.066279091
22 131 100 221 2.066321546
22 71 100 5 2.066334646
75 90 100 513 2.066351601
121 77 100 123 2.066362849
94 23 100 42 2.066363491
103 71 100 679 2.066386508
19 110 100 2 2.066387673
51 85 100 50 2.066395353
100 43 100 130 2.066396939
64 43 100 15 2.066443871
136 132 100 54 2.066460873
10 66 100 5 2.066495386
25 57 100 8 2.066516891
56 97 100 1867 2.066528830
48 83 100 18 2.066528836
109 115 100 9 2.066596036
83 117 100 4 2.066618282
28 1 100 356 2.066621919
66 35 100 44 2.066646186
73 143 100 2052 2.066680575
75 64 100 180 2.066693619
83 37 100 19006 2.066697922
57 101 100 34 2.066710805
99 21 100 28 2.066740335
133 18 100 44 2.066778818
90 69 100 21 2.066780246
102 19 100 593 2.066804908
130 20 100 45 2.066816018
63 57 100 3 2.066832091
121 76 100 2720 2.066836842
104 141 100 28 2.066858734
70 92 100 13 2.066865846
28 72 100 2 2.066898852
57 11 100 1875 2.066904767
31 10 100 3 2.066912548
93 104 100 85 2.066914693
86 97 100 2743 2.066934894
45 97 100 126 2.066958525
139 53 100 47 2.066965938
58 70 100 15 2.066973045
72 63 100 5 2.066975148
122 141 100 30 2.066977748
7 17 100 22 2.066984870
14 65 100 108 2.066988515
138 44 100 51 2.067009485
43 119 100 42 2.067018948
102 138 100 971 2.067104574
55 77 100 5 2.067134886
84 108 100 619 2.067160221
45 59 100 133 2.067160601
42 39 100 20 2.067178254
112 95 100 6771 2.067180234
46 87 100 435 2.067239285
51 121 100 29 2.067258102
87 96 100 4 2.067280263
69 125 100 2 2.067289675
9 30 100 4 2.067338116
42 64 100 50 2.067393963
99 126 100 2311 2.067414031
16 20 100 1944 2.067417445
11 39 100 4 2.067423957
83 19 100 22 2.067432831
103 25 100 16584 2.067484787
68 3 100 91 2.067508933
20 4 100 3546 2.067537398
17 38 100 1156 2.067576144
104 28 100 629 2.067580313
71 114 100 2879 2.067595922
14 74 100 51 2.067599632
110 67 100 1 2.067608741
34 62 100 97 2.067629129
2 134 100 65 2.067638288
33 74 100 29 2.067666965
31 99 100 1969 2.067677853
60 7 100 1625 2.067771896
103 1 100 6 2.067775908
9 92 100 41 2.067787742
141 128 100 14 2.067808967
37 86 100 466 2.067851288
132 103 100 540 2.067851395
6 108 100 12 2.067894314
74 103 100 841 2.067956777
51 36 100 9 2.067967168
18 6 100 17115 2.067967762
104 54 100 639 2.067974681
135 118 100 906 2.067994869
17 57 100 561 2.068018263
103 106 100 12 2.068051506
86 140 100 1422 2.068060728
15 131 100 3 2.068083478
77 91 100 20 2.068102353
80 96 100 264 2.068170909
109 105 100 2354 2.068171778
4 75 100 2751 2.068209996
107 118 100 1019 2.068232056
3 140 100 298 2.068244481
87 110 100 200 2.068246725
1 103 100 48 2.068327635
40 97 100 1090 2.068344641
133 8 100 44 2.068635261
121 0 100 4050 2.068659753
33 95 100 3 2.068724617
106 110 100 1 2.068750015
57 62 100 4323 2.068806802
29 132 100 26 2.068855328
65 15 100 211 2.068870830
96 5 100 119 2.068872864
89 62 100 122 2.068903460
17 118 100 14418 2.068924227
126 27 100 41 2.068925805
113 30 100 58 2.068946020
98 63 100 15 2.068952409
25 94 100 4724 2.068969902
92 24 100 795 2.069053131
111 44 100 2980 2.069094323
59 129 100 3507 2.069106513
119 69 100 4 2.069124426
123 45 100 705 2.069138883
7 39 100 117 2.069148104
70 26 100 30 2.069199985
138 25 100 4757 2.069260010
29 69 100 43 2.069276845
13 135 100 69 2.069311815
65 71 100 521 2.069324915
0 78 100 5 2.069327894
31 108 100 1156 2.069330922
4 48 100 1189 2.069332569
129 124 100 26 2.069345886
6 79 100 34 2.069357364
8 45 100 939 2.069360623
69 68 100 5418 2.069361992
11 128 100 1288 2.069383922
19 89 100 5 2.069409965
74 101 100 30 2.069473519
1 37 100 62 2.069485239
28 47 100 3 2.069504104
40 52 100 16668 2.069506512
85 30 100 1944 2.069641136
108 141 100 26 2.069654604
123 89 100 89 2.069705394
74 115 100 1372 2.069795023
99 61 100 3 2.069811384
5 86 100 2 2.069827755
55 86 100 1 2.069870903
71 111 100 10 2.069901401
64 16 100 53 2.069903042
117 116 100 15 2.069937791
118 66 100 53 2.069958917
65 41 100 6256 2.069960238
113 80 100 5 2.069968890
51 42 100 45 2.069994472
67 70 100 8 2.070021645
127 136 100 44 2.070028649
38 35 100 44 2.070056013
101 15 100 365 2.070099557
4 20 100 134 2.070129052
40 63 100 14 2.070135695
75 115 100 29 2.070136807
92 25 100 4 2.070159005
32 115 100 3781 2.070173373
104 47 100 71 2.070174668
13 22 100 40 2.070191558
95 109 100 47 2.070222523
10 97 100 401 2.070228598
81 42 100 2346 2.070264882
62 96 100 930 2.070352093
32 89 100 22 2.070355627
29 125 100 1318 2.070430995
118 19 100 616 2.070477877
42 129 100 743 2.070502767
22 83 100 2403 2.070511394
64 91 100 16 2.070596149
38 47 100 5 2.070606906
36 71 100 8 2.070649845
92 131 100 2907 2.070668816
125 133 100 7 2.070691829
134 94 100 37 2.070710587
108 70 100 31 2.070780853
46 105 100 121 2.070841938
100 67 100 2214 2.071035114
23 25 100 47 2.071037332
108 139 100 3 2.071069231
34 43 100 98 2.071088743
19 11 100 2 2.071118493
106 68 100 477 2.071125773
40 108 100 15 2.071138409
46 138 100 93 2.071146636
58 49 100 36 2.071168882
54 87 100 17 2.071170820
21 85 100 43 2.071278853
83 131 100 49 2.071318828
126 67 100 3014 2.071387567
60 138 100 5 2.071420570
30 120 100 6182 2.071427436
26 60 100 19 2.071471222
66 55 100 13 2.071538462
119 89 100 3262 2.071538866
56 37 100 528 2.071545246
101 118 100 1541 2.071552418
52 103 100 441 2.071556322
116 93 100 109 2.071570933
116 14 100 1323 2.071599561
33 41 100 4 2.071604278
17 102 100 2517 2.071617865
11 7 100 79 2.071623964
26 59 100 4250 2.071624657
96 12 100 20 2.071666354
65 56 100 24 2.071679557
135 107 100 3036 2.071685367
30 121 100 607 2.071724132
88 6 100 2809 2.071753170
14 78 100 14 2.071817955
72 19 100 12 2.071857015
28 55 100 2093 2.071863033
98 59 100 21 2.071891421
80 65 100 100 2.071926489
64 102 100 7 2.071930039
114 60 100 52 2.071976598
42 72 100 1896 2.072013272
138 51 100 2526 2.072088171
60 7 100 13 2.072180969
93 116 100 8 2.072185986
117 87 100 20 2.072195356
35 127 100 5 2.072214307
27 19 100 3665 2.072220441
19 32 100 15 2.072227272
140 35 100 126 2.072233037
66 23 100 20273 2.072263055
40 24 100 104 2.072275976
79 113 100 10788 2.072288245
125 28 100 3168 2.072346776
132 97 100 26 2.072352634
112 17 100 6 2.072412132
103 135 100 8 2.072477148
45 101 100 2416 2.072564951
43 50 100 71 2.072589429
119 4 100 2 2.072603368
72 1 100 31 2.072628155
122 19 100 1040 2.072709758
36 7 100 3 2.072710658
111 50 100 1165 2.072729911
36 84 100 191 2.072734796
136 88 100 31 2.072748507
112 36 100 81 2.072768837
90 4 100 2 2.072782156
46 10 100 36 2.072790085
88 19 100 3260 2.072916249
78 93 100 18 2.072959365
108 58 100 2354 2.073005409
64 69 100 2 2.073021730
10 106 100 9218 2.073023766
21 107 100 1344 2.073038132
123 11 100 31 2.073222917
113 40 100 79 2.073230990
75 26 100 373 2.073262259
84 72 100 5 2.073264680
87 121 100 1 2.073379226
60 68 100 22 2.073398311
125 41 100 26 2.073461166
54 32 100 30 2.073489130
4 111 100 12 2.073533314
133 4 100 49 2.073573355
108 34 100 131 2.073602753
62 98 100 7 2.073608861
107 16 100 16 2.073616350
14 103 100 30 2.073649230
56 30 100 52 2.073651662
124 88 100 1218 2.073653566
126 4 100 986 2.073716467
51 66 100 43 2.073758296
102 35 100 875 2.073782020
87 100 100 36 2.073782575
48 94 100 27 2.073815387
75 126 100 41 2.073848774
53 100 100 636 2.073919016
60 87 100 8515 2.073998927
104 51 100 2277 2.074012382
49 98 100 5 2.074073580
1 128 100 2766 2.074087767
50 29 100 87 2.074101009
116 76 100 1260 2.074136197
27 47 100 4 2.074138631
30 108 100 1 2.074141535
139 123 100 2 2.074157534
112 67 100 18 2.074164438
43 82 100 14 2.074212345
63 28 100 17 2.074220596
113 111 100 1162 2.074223541
88 125 100 912 2.074223910
122 133 100 692 2.074237892
55 22 100 2 2.074251249
10 82 100 2421 2.074253550
41 0 100 27 2.074322642
36 13 100 2462 2.074333556
30 76 100 318 2.074367952
93 117 100 3117 2.074387159
17 121 100 170 2.074438238
1 130 100 27 2.074524348
3 92 100 37 2.074525775
37 22 100 8 2.074541984
141 142 100 19 2.074543683
135 31 100 25 2.074545608
40 25 100 3 2.074564116
45 135 100 19 2.074565170
79 25 100 12703 2.074570591
15 59 100 2817 2.074586725
100 96 100 54 2.074626829
29 59 100 6049 2.074665493
94 86 100 4 2.074666385
11 105 100 35 2.074675886
135 12 100 1289 2.074677946
15 50 100 9 2.074704681
5 10 100 1 2.074738916
117 14 100 23 2.074845041
23 78 100 271 2.074860803
79 14 100 1063 2.074883531
96 92 100 30 2.074904640
101 112 100 2589 2.074986430
123 2 100 15 2.074991253
110 6 100 448 2.075001236
61 120 100 9 2.075008136
100 80 100 6654 2.075060983
115 20 100 7 2.075070311
2 129 100 77 2.075071051
70 63 100 3418 2.075124754
56 58 100 1 2.075171224
14 80 100 504 2.075228925
118 102 100 1084 2.075276577
36 103 100 56 2.075281056
30 5 100 11 2.075295048
33 136 100 129 2.075296496
54 109 100 235 2.075331846
49 78 100 2 2.075335700
35 143 100 1230 2.075378690
142 135 100 16 2.075387738
61 102 100 1009 2.075395428
76 89 100 725 2.075399640
76 65 100 40 2.075428725
93 84 100 3491 2.075438236
29 3 100 23 2.075445011
72 91 100 87 2.075504018
104 94 100 22 2.075541946
92 29 100 38 2.075549169
111 11 100 50 2.075565354
135 68 100 46 2.075577877
44 69 100 2840 2.075627818
12 43 100 13 2.075637242
89 62 100 1021 2.075655007
90 41 100 17 2.075671712
55 61 100 37 2.075790426
84 16 100 27 2.075811780
113 75 100 30 2.075856676
133 135 100 508 2.075870209
48 53 100 3 2.075878032
143 42 100 20 2.075885046
46 1 100 1 2.075902664
113 67 100 99 2.075948530
89 13 100 53 2.075948749
139 69 100 178 2.075974173
98 99 100 1612 2.075976872
18 92 100 2 2.075997513
113 87 100 3641 2.076001566
104 137 100 4 2.076004506
51 120 100 2494 2.076013980
139 77 100 31 2.076041100
120 114 100 2297 2.076097308
12 51 100 29 2.076131665
16 8 100 958 2.076137608
13 95 100 14 2.076150818
142 56 100 1 2.076187526
10 28 100 3162 2.076217893
105 91 100 20 2.076248430
98 74 100 2502 2.076283669
25 52 100 148 2.076306308
77 127 100 846 2.076319218
134 27 100 900 2.076339636
38 133 100 1 2.076482429
127 78 100 276 2.076530322
132 13 100 305 2.076533495
14 25 100 1079 2.076576754
125 32 100 50 2.076604178
104 80 100 69 2.076708731
83 8 100 6 2.076732385
102 87 100 49 2.076770196
109 9 100 430 2.076784389
119 65 100 44 2.076787254
19 82 100 1 2.076788081
116 102 100 13 2.076794312
77 128 100 1374 2.076800715
3 87 100 3 2.076906553
112 109 100 51 2.076966574
78 101 100 41 2.076968675
133 118 100 8 2.076982622
94 114 100 27 2.077039565
77 142 100 43 2.077099544
12 9 100 2029 2.077100835
20 72 100 53 2.077103719
35 112 100 65 2.077258822
143 85 100 963 2.077280284
25 9 100 1 2.077308160
70 13 100 1354 2.077321866
81 83 100 10 2.077326319
56 96 100 26 2.077395340
46 88 100 55 2.077428562
20 9 100 2815 2.077489486
62 126 100 38 2.077496920
75 82 100 5 2.077509560
79 101 100 923 2.077583131
93 54 100 3265 2.077684310
106 69 100 7 2.077800471
82 110 100 1365 2.077803393
125 6 100 2187 2.077828399
60 72 100 1587 2.077828617
75 4 100 6058 2.077939157
8 83 100 5 2.077957524
136 37 100 26 2.077975432
108 44 100 20 2.078017128
122 136 100 3368 2.078019355
83 68 100 16 2.078044107
106 24 100 6 2.078049142
68 90 100 53 2.078067034
92 106 100 1244 2.078089640
107 55 100 32 2.078089655
91 24 100 15 2.078091528
67 45 100 7276 2.078101264
133 25 100 3815 2.078115081
115 32 100 12 2.078117612
38 116 100 40 2.078173913
119 58 100 5 2.078198400
38 67 100 5600 2.078222191
14 134 100 19 2.078253071
94 51 100 1063 2.078282560
127 122 100 3 2.078302973
13 48 100 6333 2.078324110
70 71 100 36 2.078350390
71 19 100 17 2.078387677
50 1 100 2 2.078404987
4 43 100 1279 2.078440260
80 115 100 46 2.078465597
135 138 100 16366 2.078489325
72 56 100 429 2.078510821
140 41 100 465 2.078549317
91 64 100 1 2.078585008
15 124 100 14 2.078593985
96 134 100 231 2.078608945
108 36 100 54 2.078612733
33 59 100 19 2.078617503
143 108 100 13762 2.078634974
100 16 100 5249 2.078753564
35 43 100 1761 2.078779852
5 95 100 1 2.078787780
6 5 100 16598 2.078840591
74 138 100 15372 2.078841202
22 106 100 111 2.078860505
104 139 100 1189 2.078891212
92 34 100 3361 2.078909409
111 29 100 40 2.078922526
4 70 100 29 2.078929441
112 56 100 22 2.078932121
17 77 100 1251 2.078976456
48 11 100 626 2.078986660
109 138 100 1374 2.078992478
70 88 100 30 2.079010427
42 121 100 54 2.079060652
48 87 100 15 2.079070592
6 25 100 683 2.079076873
31 125 100 13 2.079109237
134 40 100 18 2.079135072
87 19 100 488 2.079204815
56 121 100 39 2.079225008
33 134 100 3090 2.079269264
29 136 100 10 2.079270871
22 13 100 829 2.079276337
83 7 100 39 2.079324627
74 3 100 127 2.079363230
99 42 100 125 2.079382483
132 127 100 1209 2.079390380
5 39 100 36 2.079403589
5 121 100 72 2.079495982
3 0 100 40 2.079562548
80 5 100 5 2.079593099
23 80 100 10 2.079594061
113 59 100 361 2.079628670
55 102 100 792 2.079650167
14 66 100 2557 2.079682984
70 80 100 5 2.079703969
24 121 100 571 2.079766746
22 79 100 1417 2.079768649
124 54 100 3561 2.079777611
115 96 100 4 2.079801632
68 43 100 850 2.079817819
95 7 100 6347 2.079859978
37 27 100 29 2.079874346
93 97 100 26 2.079882846
124 119 100 1037 2.079896602
69 20 100 284 2.079905279
78 108 100 3157 2.079943331
44 111 100 89 2.079950748
14 23 100 30 2.079981829
79 111 100 15 2.080037186
3 89 100 16 2.080043588
34 49 100 3404 2.080098159
97 25 100 37 2.080143347
140 6 100 3 2.080146790
66 133 100 4 2.080179702
49 32 100 15 2.080184204
61 134 100 120 2.080218485
67 135 100 6 2.080229868
97 105 100 136 2.080236299
133 129 100 25 2.080299121
7 57 100 717 2.080330825
84 135 100 54 2.080350124
127 74 100 3 2.080366600
124 51 100 1649 2.080411351
65 134 100 3 2.080415346
77 114 100 869 2.080440649
81 104 100 18167 2.080478442
88 18 100 1646 2.080505014
4 9 100 129 2.080509269
66 78 100 13 2.080545656
61 80 100 3080 2.080582406
105 57 100 19 2.080612621
84 45 100 4 2.080618744
15 111 100 751 2.080654445
12 143 100 3 2.080730945
110 121 100 2588 2.080785215
65 115 100 668 2.080800549
131 58 100 50 2.080864193
107 108 100 62 2.080865836
94 142 100 1170 2.080870789
35 132 100 4032 2.080935081
13 7 100 4395 2.080943887
118 142 100 6275 2.081009684
50 62 100 3194 2.081119246
143 102 100 496 2.081175022
115 92 100 16 2.081182191
137 114 100 2 2.081230763
91 14 100 3536 2.081247035
21 86 100 8131 2.081259614
33 113 100 521 2.081268652
7 124 100 13 2.081366926
127 53 100 2070 2.081408382
47 132 100 29 2.081485746
125 123 100 1 2.081510802
4 10 100 19935 2.081537828
134 60 100 4755 2.081580437
4 115 100 471 2.081590220
134 116 100 15 2.081599311
84 81 100 5969 2.081608163
28 81 100 15 2.081609553
138 64 100 1 2.081676687
74 53 100 18 2.081717915
140 35 100 40 2.081765468
139 25 100 618 2.081805928
8 84 100 3 2.081811654
36 139 100 5 2.081869208
36 87 100 15 2.081884091
39 85 100 17 2.081935115
127 100 100 1034 2.081937060
126 124 100 31 2.081982979
42 103 100 1 2.081984334
39 5 100 5 2.081995397
60 45 100 902 2.082058543
35 138 100 40 2.082075471
109 68 100 3 2.082131902
58 117 100 29 2.082170550
116 89 100 565 2.082193483
106 96 100 10 2.082198996
26 9 100 4 2.082245270
47 13 100 17536 2.082309582
69 34 100 630 2.082351475
63 34 100 691 2.082364350
3 85 100 12 2.082374006
68 127 100 49 2.082503177
102 114 100 5 2.082526406
61 138 100 3193 2.082540098
143 57 100 19 2.082543826
28 117 100 58 2.082566354
56 111 100 6 2.082571167
79 77 100 3184 2.082621248
103 81 100 43 2.082648537
67 52 100 6 2.082648553
141 107 100 1 2.082652701
101 123 100 48 2.082717570
62 33 100 133 2.082728636
89 130 100 29 2.082778131
9 25 100 1 2.082830444
113 51 100 42 2.082847709
41 139 100 1067 2.082868700
73 27 100 2 2.082885211
29 0 100 1 2.082983420
71 141 100 6 2.083008492
114 122 100 1070 2.083105085
119 67 100 3 2.083129589
69 34 100 1179 2.083134255
79 96 100 123 2.083161763
78 54 100 1118 2.083169005
86 19 100 50 2.083169087
18 104 100 5973 2.083187441
87 105 100 89 2.083221584
36 104 100 1263 2.083265061
102 23 100 39 2.083290963
17 39 100 5 2.083295381
132 102 100 8 2.083343878
68 82 100 5320 2.083368620
32 101 100 1647 2.083479221
40 63 100 1761 2.083482280
23 21 100 32 2.083528632
28 95 100 2432 2.083556094
64 76 100 823 2.083563916
128 40 100 51 2.083571710
24 80 100 15 2.083601178
66 86 100 22 2.083607913
6 35 100 3313 2.083637927
117 129 100 14 2.083658543
39 125 100 167 2.083669660
43 95 100 31 2.083687211
23 94 100 53 2.083773556
20 48 100 29 2.083796426
120 131 100 49 2.083796761
20 79 100 355 2.083841995
97 23 100 16 2.083874130
121 56 100 7 2.083903104
114 131 100 18 2.083903165
95 8 100 112 2.083904860
0 35 100 298 2.083917444
130 56 100 5489 2.083921021
64 101 100 47 2.083922540
13 56 100 4434 2.083950878
67 17 100 2 2.083958935
131 133 100 14 2.083997156
74 4 100 948 2.084126157
85 40 100 3 2.084158580
122 7 100 6142 2.084159203
47 78 100 14 2.084171461
83 51 100 14000 2.084171715
21 11 100 36 2.084180424
78 138 100 1781 2.084193578
1 133 100 11 2.084258425
54 42 100 34 2.084282029
67 131 100 834 2.084297131
103 18 100 13808 2.084371571
34 82 100 494 2.084378120
54 140 100 62 2.084380303
11 25 100 4 2.084416801
86 37 100 2176 2.084419180
56 142 100 32 2.084433841
71 75 100 469 2.084437881
125 13 100 2059 2.084445197
63 20 100 1230 2.084487838
52 79 100 24 2.084506889
92 39 100 5 2.084520088
7 5 100 1292 2.084531119
47 62 100 27 2.084535418
20 121 100 3 2.084542367
128 60 100 23 2.084553175
60 1 100 38 2.084564217
69 141 100 28 2.084581531
98 79 100 36 2.084594195
3 132 100 6817 2.084596457
125 25 100 5089 2.084604342
34 131 100 4707 2.084671672
75 102 100 46 2.084700906
54 117 100 110 2.084710131
138 106 100 1 2.084721488
95 64 100 43 2.084738070
3 124 100 5 2.084755117
33 44 100 16 2.084775622
62 58 100 1 2.084785878
116 32 100 2554 2.084849699
135 137 100 3201 2.084868564
3 115 100 35 2.084970318
32 88 100 52 2.085033262
112 84 100 89 2.085033774
78 14 100 45 2.085058894
62 34 100 17 2.085059553
121 13 100 3 2.085111425
37 35 100 36 2.085112467
85 138 100 28 2.085134420
19 90 100 49 2.085198415
11 54 100 1360 2.085204522
17 62 100 46 2.085208279
94 67 100 31 2.085264904
64 1 100 18 2.085273064
41 103 100 99 2.085275467
100 104 100 2823 2.085313114
120 137 100 82 2.085320422
35 44 100 10 2.085361842
120 92 100 21 2.085396781
80 46 100 4 2.085486239
0 31 100 14 2.085524450
94 96 100 42 2.085526587
19 29 100 2 2.085552656
122 99 100 114 2.085619221
34 109 100 107 2.085622166
41 34 100 1113 2.085659240
22 54 100 27 2.085774473
95 47 100 47 2.085790314
99 35 100 279 2.085803350
68 15 100 493 2.085831992
61 115 100 13512 2.085897624
115 18 100 51 2.085902514
46 1 100 15 2.085935503
46 138 100 32 2.085990026
10 33 100 406 2.086009141
62 99 100 41 2.086011744
37 49 100 27 2.086053262
9 37 100 1 2.086123542
28 73 100 2 2.086127778
30 128 100 53 2.086134754
135 60 100 50 2.086203905
20 2 100 32 2.086233567
63 58 100 130 2.086236194
90 135 100 95 2.086252613
139 18 100 6762 2.086334735
139 62 100 1029 2.086379200
13 62 100 19 2.086385506
90 85 100 4 2.086452957
17 10 100 8 2.086460776
118 102 100 6 2.086538083
104 131 100 36 2.086548003
105 25 100 5248 2.086563351
35 40 100 10494 2.086574700
78 107 100 50 2.086628989
72 87 100 74 2.086700487
95 114 100 16 2.086717451
122 22 100 6281 2.086719436
58 52 100 4176 2.086757724
123 127 100 234 2.086864107
17 69 100 1999 2.086871182
82 70 100 17 2.086912022
49 9 100 15 2.086944520
34 116 100 2030 2.087049053
120 133 100 41 2.087129042
96 122 100 256 2.087132756
18 61 100 6554 2.087170779
32 63 100 103 2.087190920
21 29 100 19 2.087242877
34 100 100 52 2.087246516
9 73 100 53 2.087301724
56 45 100 22 2.087304149
62 136 100 24 2.087334993
90 93 100 370 2.087449657
63 0 100 2539 2.087450139
121 42 100 789 2.087465454
29 13 100 135 2.087466894
90 76 100 13903 2.087508070
8 139 100 5993 2.087510212
26 105 100 47 2.087585508
49 141 100 4 2.087587388
30 115 100 32 2.087598979
8 30 100 14 2.087616166
132 40 100 1530 2.087616490
43 117 100 1617 2.087667340
80 63 100 1441 2.087670269
55 78 100 3731 2.087671303
102 122 100 33 2.087692319
76 70 100 2 2.087771983
23 86 100 4900 2.087836136
104 126 100 34 2.087871124
24 115 100 27 2.087893996
42 3 100 40 2.087909305
131 85 100 1 2.087921694
136 138 100 3695 2.087957557
72 14 100 2 2.087990031
101 98 100 1343 2.087990732
102 78 100 2783 2.088013184
136 64 100 74 2.088032278
61 131 100 48 2.088119507
10 5 100 35 2.088154445
140 134 100 1 2.088202497
52 16 100 90 2.088205348
66 103 100 955 2.088285796
79 2 100 818 2.088342624
82 121 100 21 2.088431536
127 135 100 1343 2.088499094
132 60 100 22 2.088505844
85 139 100 51 2.088531305
112 110 100 1 2.088556117
126 65 100 13943 2.088561323
4 81 100 12 2.088566659
96 79 100 816 2.088690219
25 21 100 2079 2.088713691
95 108 100 17 2.088779966
97 135 100 6 2.088785189
103 73 100 5763 2.088860260
80 65 100 102 2.088891004
70 142 100 23 2.088964522
118 110 100 181 2.088982547
57 38 100 5037 2.088993760
66 93 100 52 2.089022350
10 105 100 5188 2.089073296
26 15 100 1012 2.089118975
35 77 100 2594 2.089129227
9 74 100 484 2.089148394
64 67 100 1293 2.089164495
141 118 100 8039 2.089216901
77 52 100 21 2.089225934
107 116 100 20186 2.089243928
21 13 100 3212 2.089265177
10 53 100 43 2.089277632
112 88 100 2612 2.089331495
25 93 100 2 2.089345695
78 16 100 1 2.089381228
134 57 100 5587 2.089397865
77 62 100 6 2.089429734
9 33 100 8 2.089476064
123 44 100 29 2.089589910
106 126 100 1043 2.089608987
132 90 100 29 2.089643037
62 49 100 748 2.089670851
108 118 100 8 2.089679736
23 67 100 29 2.089703281
31 15 100 22 2.089796376
83 110 100 24 2.089830246
61 125 100 13 2.089887863
104 109 100 45 2.089897052
49 32 100 30 2.089909267
125 128 100 17 2.089939379
85 22 100 5105 2.089946612
0 79 100 42 2.089968528
140 103 100 6652 2.090052110
109 29 100 300 2.090062552
32 33 100 1110 2.090128655
105 78 100 3 2.090135392
129 112 100 511 2.090185376
61 122 100 53 2.090405113
54 29 100 463 2.090427026
53 131 100 340 2.090433145
94 110 100 5 2.090491963
37 20 100 6253 2.090503603
61 91 100 61 2.090506394
17 52 100 30 2.090517398
3 90 100 5 2.090533568
103 100 100 20 2.090547768
15 132 100 16 2.090552776
75 32 100 726 2.090555756
41 102 100 32 2.090573011
73 17 100 23 2.090584073
110 126 100 2725 2.090629631
44 107 100 26 2.090629993
25 6 100 18 2.090637988
78 32 100 3383 2.090691282
3 35 100 3010 2.090691469
41 45 100 513 2.090695129
55 67 100 4 2.090698851
90 94 100 6270 2.090751501
133 19 100 30 2.090788204
32 30 100 4 2.090805862
72 140 100 83 2.090812020
65 76 100 14363 2.090856515
101 44 100 5837 2.090881549
24 86 100 87 2.090892218
106 19 100 4 2.090908913
97 67 100 656 2.090912327
98 10 100 114 2.090965171
35 108 100 482 2.091028006
96 124 100 31 2.091051042
123 56 100 16 2.091055558
35 118 100 98 2.091060016
118 106 100 14 2.091125231
28 42 100 171 2.091133004
47 114 100 25 2.091168847
135 0 100 19 2.091172628
67 60 100 1291 2.091176547
103 23 100 8 2.091176953
142 26 100 50 2.091200082
30 87 100 2423 2.091201246
89 57 100 44 2.091216705
83 62 100 23 2.091234913
85 44 100 6530 2.091239472
114 105 100 1 2.091245504
105 53 100 23 2.091303820
108 52 100 43 2.091342322
42 113 100 37 2.091345564
84 91 100 2361 2.091416963
61 126 100 1238 2.091445384
50 131 100 1 2.091461910
122 13 100 5 2.091513972
47 52 100 12814 2.091520086
73 49 100 1550 2.091521475
107 87 100 22 2.091592136
44 11 100 80 2.091633201
123 112 100 3 2.091634946
108 14 100 36 2.091638273
61 13 100 20 2.091660038
105 122 100 9 2.091689046
82 17 100 30 2.091766872
38 76 100 16 2.091802748
91 77 100 9 2.091819521
94 142 100 41 2.091919310
70 23 100 18 2.091934693
77 108 100 188 2.091950085
40 134 100 743 2.091953200
61 49 100 37 2.091990561
39 0 100 29 2.092018905
97 54 100 695 2.092083388
80 104 100 1 2.092132356
31 62 100 863 2.092154464
115 105 100 1240 2.092173222
70 67 100 840 2.092200031
4 42 100 20 2.092235855
17 138 100 53 2.092269636
43 126 100 116 2.092283570
58 39 100 986 2.092296396
123 97 100 820 2.092298480
35 132 100 3462 2.092324596
7 116 100 1 2.092366013
0 125 100 1325 2.092403780
141 91 100 1088 2.092411465
6 11 100 1188 2.092655621
17 62 100 35 2.092714626
74 67 100 40 2.092722466
28 63 100 1 2.092750228
72 125 100 54 2.092769424
67 4 100 2685 2.092786240
78 98 100 2217 2.092826751
5 54 100 3 2.092850536
82 134 100 5 2.092874588
10 12 100 542 2.092909797
19 115 100 27 2.092912471
6 71 100 532 2.092919339
101 100 100 310 2.093000234
81 80 100 562 2.093014048
127 26 100 49 2.093034782
15 3 100 2139 2.093059283
130 120 100 1 2.093144990
54 95 100 5355 2.093153617
76 65 100 1374 2.093185709
9 95 100 3 2.093219292
142 40 100 410 2.093225102
126 80 100 2 2.093253509
115 141 100 124 2.093279224
62 25 100 164 2.093294822
85 139 100 19 2.093298031
1 103 100 44 2.093304263
74 140 100 1012 2.093310495
23 93 100 14 2.093365642
60 106 100 1378 2.093544174
117 113 100 22 2.093584060
20 52 100 14923 2.093637713
139 42 100 4962 2.093678385
6 135 100 38 2.093718809
51 76 100 15 2.093736351
51 115 100 19 2.093761051
28 140 100 306 2.093770403
28 14 100 1 2.093860801
41 57 100 1004 2.093868413
21 55 100 4391 2.093966209
50 97 100 5 2.094041197
107 14 100 6 2.094200388
134 39 100 2258 2.094233228
118 100 100 1 2.094266025
116 14 100 13 2.094288935
17 71 100 100 2.094295290
26 104 100 725 2.094325658
17 5 100 19157 2.094349904
42 110 100 884 2.094361840
65 20 100 30 2.094434042
130 53 100 1 2.094456300
130 139 100 23 2.094481996
78 0 100 35 2.094622328
21 61 100 796 2.094637846
18 90 100 20 2.094659802
108 36 100 10 2.094725222
46 124 100 11 2.094786520
22 131 100 1107 2.094870727
102 2 100 4 2.094904282
69 119 100 577 2.094923726
110 121 100 959 2.094926628
96 103 100 3347 2.094936760
15 1 100 53 2.094948108
31 23 100 13 2.094949775
51 19 100 27 2.095017248
52 36 100 3119 2.095028136
116 129 100 344 2.095032800
133 38 100 502 2.095059461
108 100 100 104 2.095081227
89 60 100 13 2.095146693
38 97 100 162 2.095198963
19 72 100 3 2.095251682
15 142 100 5 2.095276854
117 68 100 31 2.095393486
77 30 100 38 2.095405277
84 30 100 34 2.095409039
47 38 100 747 2.095495491
58 92 100 19 2.095556360
56 116 100 46 2.095625883
66 109 100 29 2.095641388
35 135 100 11 2.095690033
68 11 100 15 2.095737782
86 87 100 611 2.095869695
97 28 100 1344 2.095920272
132 12 100 10773 2.095947758
29 98 100 131 2.096070413
133 37 100 16 2.096087128
72 51 100 40 2.096112310
114 6 100 29 2.096152437
97 96 100 1 2.096195671
70 94 100 2908 2.096210577
110 71 100 649 2.096233346
23 30 100 60 2.096243302
76 82 100 52 2.096340774
142 143 100 89 2.096353438
20 87 100 16 2.096393943
115 64 100 136 2.096394714
22 76 100 2290 2.096401151
114 87 100 2 2.096422695
61 17 100 3117 2.096424678
11 43 100 40 2.096455796
114 97 100 1 2.096490328
123 141 100 115 2.096545375
47 91 100 21 2.096570794
96 112 100 13415 2.096572426
44 22 100 2753 2.096627903
84 65 100 2 2.096645957
0 90 100 2365 2.096653800
43 65 100 54 2.096719743
51 91 100 87 2.096729749
57 93 100 448 2.096733193
50 7 100 43 2.096809992
89 130 100 679 2.096866610
101 25 100 3 2.096962809
101 13 100 37 2.097024197
13 111 100 4 2.097080599
127 66 100 923 2.097090465
110 17 100 2132 2.097128013
115 4 100 332 2.097160900
134 76 100 4392 2.097233102
118 122 100 4 2.097233197
123 112 100 34 2.097233532
131 68 100 35 2.097241549
23 25 100 1788 2.097348612
61 32 100 4176 2.097398379
12 1 100 54 2.097482384
6 85 100 3 2.097487105
51 11 100 12 2.097516935
32 46 100 144 2.097558573
1 123 100 15264 2.097617957
35 136 100 4 2.097781861
50 35 100 31 2.097788339
35 25 100 2065 2.097876288
86 68 100 684 2.097903443
47 107 100 541 2.097917474
117 40 100 20 2.097929622
22 133 100 9507 2.098123899
39 96 100 16 2.098131845
12 65 100 37 2.098160279
102 60 100 1771 2.098242874
20 89 100 89 2.098265511
12 47 100 85 2.098270959
35 66 100 419 2.098321235
43 110 100 52 2.098684455
65 31 100 2 2.098713338
123 116 100 5740 2.099121640
26 52 100 5 2.099153245
26 46 100 18280 2.099184128
